0.521 
0.533 
0.550 
0.569 
0.619 
0.703 
0.667 
0.669 
0.725 
0.759 
0.780 
0.777 
0.786 
0.811 
0.819 
0.817 
0.812 
0.826 
0.839 
0.842 
0.840 
0.841 
0.851 
0.857 
0.857 
0.853 
0.856 
0.863 
0.865 
0.865 
0.863 
0.864 
0.867 
0.871 
0.871 
0.870 
0.870 
0.873 
0.874 
0.875 
0.874 
0.872 
0.873 
0.875 
0.876 
0.876 
0.876 
0.877 
0.878 
0.879 
0.879 
0.879 
0.879 
0.880 
0.880 
0.880 
0.879 
0.878 
0.879 
0.879 
0.880 
0.880 
0.880 
0.880 
0.881 
0.882 
0.882 
0.882 
0.882 
0.881 
0.881 
0.882 
0.882 
0.882 
0.881 
0.881 
0.881 
0.881 
0.882 
0.882 
0.882 
0.881 
0.881 
0.882 
0.882 
0.882 
0.882 
0.882 
0.882 
0.883 
0.884 
0.885 
0.885 
0.885 
0.885 
0.885 
0.886 
0.886 
0.886 
0.885 
