0.521 
0.535 
0.549 
0.567 
0.613 
0.702 
0.668 
0.669 
0.723 
0.759 
0.780 
0.777 
0.788 
0.811 
0.820 
0.818 
0.816 
0.829 
0.840 
0.844 
0.842 
0.843 
0.852 
0.858 
0.858 
0.856 
0.859 
0.864 
0.866 
0.866 
0.864 
0.865 
0.868 
0.871 
0.871 
0.871 
0.871 
0.872 
0.874 
0.874 
0.874 
0.873 
0.874 
0.875 
0.876 
0.876 
0.876 
0.876 
0.877 
0.879 
0.879 
0.878 
0.878 
0.879 
0.880 
0.880 
0.880 
0.879 
0.880 
0.881 
0.882 
0.882 
0.881 
0.882 
0.882 
0.882 
0.882 
0.882 
0.882 
0.882 
0.882 
0.882 
0.882 
0.883 
0.883 
0.883 
0.883 
0.883 
0.883 
0.883 
0.883 
0.882 
0.882 
0.883 
0.883 
0.883 
0.883 
0.883 
0.883 
0.883 
0.883 
0.883 
0.883 
0.882 
0.882 
0.882 
0.883 
0.883 
0.883 
0.883 
