1.304 
1.249 
1.153 
0.939 
0.931 
1.019 
1.014 
0.851 
1.257 
1.467 
0.855 
1.103 
0.728 
1.443 
1.495 
1.068 
0.972 
0.888 
0.795 
1.880 
1.248 
0.717 
1.320 
0.835 
1.092 
0.995 
0.836 
1.052 
1.736 
1.007 
1.301 
1.209 
1.281 
1.483 
0.529 
1.075 
0.739 
0.974 
1.595 
1.117 
1.151 
0.521 
1.519 
1.177 
1.004 
1.285 
0.793 
0.414 
1.009 
1.777 
0.681 
0.712 
1.524 
1.143 
0.548 
0.691 
1.126 
1.213 
0.607 
1.589 
0.976 
1.364 
1.409 
1.378 
1.297 
1.007 
1.039 
1.240 
0.514 
1.095 
0.994 
1.042 
1.512 
0.820 
1.079 
1.008 
0.648 
1.031 
0.731 
1.210 
0.882 
0.943 
1.159 
0.764 
0.969 
1.003 
1.825 
1.179 
0.649 
0.768 
0.889 
1.505 
1.998 
0.716 
0.979 
0.824 
1.017 
1.058 
1.108 
1.691 
