0.730 
0.789 
0.407 
0.778 
0.960 
0.986 
0.896 
0.923 
0.745 
1.007 
1.241 
0.960 
0.626 
0.791 
0.895 
0.803 
0.572 
1.027 
0.943 
0.916 
0.557 
0.808 
0.820 
0.993 
0.517 
1.212 
0.394 
0.802 
1.125 
0.820 
0.652 
1.309 
1.398 
0.528 
0.624 
0.688 
0.927 
0.555 
1.029 
0.688 
0.912 
0.536 
0.477 
0.856 
1.000 
0.929 
1.030 
0.638 
0.849 
0.732 
0.466 
0.460 
0.712 
0.900 
1.224 
0.991 
1.104 
0.869 
0.742 
1.033 
0.973 
1.053 
0.553 
0.896 
1.166 
0.609 
1.017 
0.798 
0.707 
1.059 
0.602 
0.620 
1.042 
0.862 
0.612 
0.604 
0.577 
1.020 
0.759 
0.845 
1.127 
0.690 
1.181 
0.396 
1.202 
0.728 
0.736 
0.314 
0.507 
0.747 
1.011 
0.495 
0.798 
0.816 
0.720 
0.591 
1.282 
1.054 
0.905 
1.216 
