1.458 
1.331 
1.887 
1.139 
0.776 
1.424 
1.314 
0.926 
1.507 
0.992 
1.184 
1.493 
0.667 
1.170 
1.901 
1.434 
1.841 
1.994 
0.959 
1.296 
0.543 
0.824 
1.245 
1.714 
1.327 
0.954 
1.193 
1.077 
1.225 
2.102 
1.459 
1.344 
1.004 
0.964 
0.805 
1.338 
1.210 
1.353 
1.728 
1.414 
1.716 
2.026 
1.267 
1.985 
1.042 
0.713 
1.319 
1.520 
1.103 
1.545 
1.051 
0.975 
2.537 
1.578 
0.929 
1.109 
1.230 
1.560 
1.267 
1.348 
1.451 
1.089 
1.262 
1.608 
1.487 
1.329 
1.119 
2.285 
1.287 
1.310 
1.038 
1.551 
1.657 
0.816 
1.838 
0.931 
1.136 
1.425 
1.669 
1.013 
0.905 
2.255 
0.828 
1.419 
1.630 
1.098 
1.357 
0.779 
1.383 
1.524 
1.021 
1.172 
0.825 
0.993 
1.269 
1.315 
1.500 
1.164 
1.189 
1.543 
