0.801 
1.209 
1.508 
0.990 
0.453 
1.019 
1.132 
0.802 
1.283 
1.276 
0.957 
0.889 
0.848 
1.301 
0.744 
0.566 
0.619 
0.738 
0.867 
0.898 
1.374 
1.079 
0.902 
1.251 
0.629 
1.340 
0.752 
0.662 
1.230 
0.787 
0.852 
1.318 
0.908 
1.183 
0.783 
1.101 
0.324 
1.273 
0.536 
0.951 
0.527 
0.856 
1.192 
0.771 
0.545 
0.827 
1.001 
0.632 
0.731 
0.883 
1.179 
0.878 
1.354 
1.554 
0.619 
1.373 
1.459 
1.483 
1.351 
1.261 
0.687 
1.173 
0.426 
1.050 
0.980 
1.021 
1.730 
1.120 
0.826 
0.620 
1.421 
1.046 
1.344 
1.320 
0.811 
0.897 
0.428 
1.292 
0.891 
1.244 
0.713 
1.208 
0.769 
1.104 
1.069 
0.678 
0.617 
0.759 
0.933 
1.254 
1.464 
0.892 
1.051 
0.767 
0.750 
1.323 
0.917 
1.272 
1.362 
0.726 
