0.915 
0.847 
0.605 
0.707 
0.432 
0.615 
0.541 
1.040 
1.086 
0.909 
0.579 
0.310 
1.227 
0.872 
0.759 
0.555 
0.623 
0.771 
0.491 
0.666 
0.561 
0.741 
1.092 
0.653 
0.488 
1.227 
0.671 
0.373 
0.443 
1.303 
0.480 
0.378 
0.436 
0.637 
0.470 
0.876 
0.187 
0.861 
0.517 
1.110 
0.711 
0.562 
0.368 
0.969 
0.726 
0.532 
0.709 
0.588 
0.847 
0.494 
0.381 
1.019 
0.594 
0.855 
0.300 
0.498 
1.054 
0.261 
0.825 
0.564 
0.974 
0.275 
0.652 
1.173 
0.390 
0.407 
0.487 
0.383 
0.483 
0.432 
0.144 
1.584 
0.695 
0.140 
0.948 
1.549 
0.898 
0.086 
0.479 
0.808 
0.588 
1.482 
0.548 
0.841 
0.602 
0.197 
0.598 
0.229 
0.442 
0.744 
1.473 
0.808 
0.524 
0.114 
0.448 
0.168 
1.096 
0.678 
1.299 
0.777 
