0.611 
0.866 
0.224 
0.768 
0.321 
0.871 
0.827 
0.726 
0.105 
0.340 
0.536 
0.677 
0.908 
0.804 
0.301 
0.434 
0.651 
0.332 
0.174 
0.421 
0.701 
0.508 
0.331 
0.610 
0.500 
0.350 
0.752 
0.242 
0.430 
0.486 
0.533 
0.620 
0.375 
0.464 
0.743 
0.322 
0.589 
0.529 
0.299 
0.840 
0.345 
0.871 
0.496 
0.585 
0.815 
0.887 
0.591 
0.205 
0.470 
0.068 
0.190 
0.508 
0.378 
0.412 
0.523 
0.212 
0.481 
0.313 
0.651 
0.868 
0.093 
0.114 
0.322 
0.747 
0.636 
0.555 
0.141 
0.756 
0.431 
0.242 
0.475 
0.400 
0.515 
0.380 
0.316 
0.529 
0.397 
0.475 
0.386 
0.286 
0.818 
0.490 
0.522 
0.961 
0.189 
0.617 
0.348 
0.314 
0.139 
0.461 
0.855 
0.294 
0.598 
0.682 
0.711 
0.505 
0.591 
0.218 
0.449 
0.561 
