0.391 
0.411 
0.397 
0.376 
0.397 
0.383 
0.407 
0.367 
0.388 
0.388 
0.420 
0.368 
0.418 
0.365 
0.368 
0.397 
0.396 
0.385 
0.400 
0.387 
0.386 
0.401 
0.404 
0.377 
0.421 
0.431 
0.444 
0.375 
0.425 
0.400 
0.383 
0.391 
0.389 
0.389 
0.380 
0.381 
0.388 
0.396 
0.365 
0.380 
0.407 
0.390 
0.373 
0.386 
0.369 
0.377 
0.404 
0.403 
0.395 
0.394 
0.425 
0.379 
0.415 
0.403 
0.382 
0.390 
0.393 
0.403 
0.369 
0.391 
0.373 
0.391 
0.408 
0.390 
0.385 
0.372 
0.384 
0.391 
0.389 
0.376 
0.390 
0.394 
0.399 
0.367 
0.366 
0.385 
0.385 
0.379 
0.399 
0.389 
0.416 
0.402 
0.424 
0.405 
0.392 
0.399 
0.410 
0.404 
0.400 
0.383 
0.446 
0.378 
0.415 
0.394 
0.395 
0.395 
0.379 
0.385 
0.390 
0.397 
