1.013 
1.003 
0.880 
0.867 
0.955 
0.998 
0.872 
1.088 
1.008 
0.980 
1.055 
1.056 
0.914 
1.071 
0.999 
0.947 
0.989 
1.005 
1.012 
0.859 
0.922 
0.937 
0.887 
0.933 
0.967 
0.960 
0.968 
1.008 
0.992 
1.028 
0.973 
0.961 
0.878 
0.944 
1.043 
1.022 
0.994 
1.001 
1.080 
0.891 
0.884 
0.949 
0.986 
1.054 
0.904 
1.081 
1.040 
0.959 
0.924 
0.902 
0.901 
1.010 
0.983 
0.931 
0.998 
0.963 
0.889 
0.931 
0.932 
0.935 
0.960 
0.909 
0.921 
1.006 
0.902 
0.999 
1.027 
0.965 
1.029 
1.010 
0.944 
0.919 
0.980 
1.008 
1.036 
1.016 
0.920 
0.940 
0.980 
1.016 
1.053 
0.888 
0.934 
0.968 
0.987 
0.974 
0.968 
0.955 
1.032 
0.911 
0.992 
1.084 
1.008 
0.914 
1.002 
1.001 
0.989 
1.006 
0.952 
0.944 
