0.356 
0.350 
0.348 
0.345 
0.373 
0.358 
0.323 
0.356 
0.369 
0.343 
0.339 
0.380 
0.350 
0.351 
0.328 
0.335 
0.345 
0.344 
0.364 
0.355 
0.364 
0.342 
0.343 
0.347 
0.350 
0.390 
0.387 
0.362 
0.360 
0.344 
0.356 
0.351 
0.353 
0.389 
0.364 
0.374 
0.332 
0.351 
0.371 
0.339 
0.358 
0.349 
0.348 
0.365 
0.340 
0.348 
0.344 
0.334 
0.360 
0.380 
0.343 
0.332 
0.347 
0.341 
0.364 
0.344 
0.350 
0.364 
0.368 
0.336 
0.326 
0.349 
0.375 
0.373 
0.379 
0.355 
0.350 
0.385 
0.346 
0.342 
0.356 
0.347 
0.366 
0.357 
0.335 
0.347 
0.357 
0.318 
0.358 
0.353 
0.373 
0.343 
0.349 
0.359 
0.344 
0.348 
0.342 
0.347 
0.336 
0.371 
0.369 
0.342 
0.331 
0.347 
0.378 
0.369 
0.342 
0.349 
0.389 
0.386 
