0.520 
0.534 
0.549 
0.567 
0.623 
0.701 
0.649 
0.646 
0.689 
0.753 
0.774 
0.773 
0.768 
0.799 
0.816 
0.821 
0.807 
0.812 
0.833 
0.843 
0.844 
0.841 
0.847 
0.855 
0.858 
0.855 
0.851 
0.857 
0.864 
0.866 
0.866 
0.865 
0.866 
0.869 
0.871 
0.871 
0.869 
0.870 
0.872 
0.874 
0.875 
0.874 
0.872 
0.873 
0.875 
0.876 
0.876 
0.876 
0.876 
0.878 
0.879 
0.880 
0.879 
0.878 
0.878 
0.879 
0.879 
0.879 
0.879 
0.879 
0.880 
0.880 
0.881 
0.881 
0.880 
0.880 
0.880 
0.881 
0.881 
0.881 
0.881 
0.881 
0.882 
0.882 
0.883 
0.883 
0.883 
0.883 
0.883 
0.884 
0.884 
0.884 
0.884 
0.883 
0.883 
0.884 
0.884 
0.884 
0.884 
0.883 
0.884 
0.884 
0.884 
0.884 
0.884 
0.883 
0.883 
0.883 
0.883 
0.883 
