0.520 
0.534 
0.548 
0.567 
0.621 
0.701 
0.653 
0.649 
0.695 
0.755 
0.774 
0.773 
0.771 
0.802 
0.816 
0.818 
0.806 
0.812 
0.834 
0.843 
0.845 
0.843 
0.849 
0.855 
0.858 
0.857 
0.855 
0.858 
0.863 
0.866 
0.866 
0.864 
0.864 
0.868 
0.870 
0.870 
0.869 
0.869 
0.871 
0.873 
0.874 
0.873 
0.871 
0.872 
0.874 
0.876 
0.876 
0.876 
0.876 
0.877 
0.879 
0.879 
0.879 
0.879 
0.879 
0.880 
0.881 
0.881 
0.881 
0.881 
0.881 
0.881 
0.881 
0.881 
0.881 
0.880 
0.880 
0.881 
0.881 
0.881 
0.881 
0.881 
0.881 
0.881 
0.882 
0.882 
0.881 
0.881 
0.881 
0.881 
0.881 
0.881 
0.881 
0.881 
0.881 
0.881 
0.881 
0.882 
0.882 
0.882 
0.882 
0.883 
0.883 
0.883 
0.883 
0.883 
0.883 
0.883 
0.883 
0.884 
