0.602 
0.331 
0.276 
0.238 
0.536 
0.495 
0.123 
0.268 
0.167 
0.131 
0.414 
0.174 
0.499 
0.427 
0.536 
0.579 
0.550 
0.267 
0.126 
0.278 
0.592 
0.387 
0.357 
0.282 
0.514 
0.329 
0.367 
0.440 
0.186 
0.321 
0.501 
0.443 
0.616 
0.563 
0.351 
0.347 
0.213 
0.871 
0.357 
0.139 
0.182 
0.355 
0.607 
0.400 
0.074 
0.238 
0.301 
0.571 
0.269 
0.128 
0.288 
0.256 
0.321 
0.439 
0.195 
0.423 
0.296 
0.532 
0.298 
0.076 
0.282 
0.261 
0.336 
0.566 
0.428 
0.302 
0.288 
0.357 
0.455 
0.343 
0.201 
0.273 
0.452 
0.349 
0.237 
0.316 
0.166 
0.579 
0.213 
0.393 
0.548 
0.291 
0.584 
0.541 
0.532 
0.388 
0.519 
0.305 
0.324 
0.330 
0.184 
0.157 
0.553 
0.536 
0.666 
0.139 
0.398 
0.322 
0.301 
0.184 
