0.395 
0.441 
0.403 
0.305 
0.293 
0.185 
0.617 
0.437 
0.498 
0.499 
0.425 
0.321 
0.752 
0.231 
0.267 
0.569 
0.257 
0.168 
0.143 
0.237 
0.383 
0.603 
0.151 
0.733 
0.485 
0.295 
0.547 
0.152 
0.206 
0.656 
0.453 
0.133 
0.592 
0.277 
0.619 
0.383 
0.452 
0.767 
0.369 
0.536 
0.319 
0.224 
0.745 
0.404 
0.288 
0.704 
0.353 
0.374 
0.218 
0.282 
0.290 
0.652 
0.304 
0.555 
0.360 
0.625 
0.540 
0.331 
0.176 
0.467 
0.251 
0.321 
0.526 
0.318 
0.761 
0.372 
0.465 
0.360 
0.764 
0.556 
0.447 
0.300 
0.299 
0.551 
0.443 
0.399 
0.236 
0.307 
0.338 
0.272 
0.427 
0.198 
0.255 
0.371 
0.772 
0.323 
0.145 
0.152 
0.179 
0.455 
0.420 
0.158 
0.492 
0.312 
0.273 
0.324 
0.387 
0.207 
0.464 
0.539 
