0.815 
0.261 
0.579 
0.519 
0.727 
0.267 
0.680 
0.260 
0.611 
0.630 
0.290 
0.603 
0.596 
0.552 
0.522 
0.958 
0.299 
0.275 
0.462 
0.574 
0.611 
0.584 
0.264 
0.309 
0.612 
0.626 
0.418 
0.575 
0.459 
0.467 
0.295 
0.537 
0.618 
0.355 
0.578 
0.557 
0.374 
0.475 
0.729 
0.604 
0.693 
0.737 
0.370 
0.716 
0.495 
0.334 
0.504 
0.644 
0.747 
0.650 
0.669 
0.684 
0.294 
0.452 
0.708 
0.543 
0.947 
0.503 
0.339 
0.760 
0.705 
0.755 
0.402 
0.652 
0.589 
0.498 
0.502 
0.313 
0.514 
0.912 
0.549 
0.327 
0.535 
0.224 
0.223 
0.230 
0.617 
0.757 
0.510 
0.749 
0.864 
0.387 
0.437 
0.492 
0.724 
0.453 
0.230 
0.423 
0.329 
0.648 
0.370 
0.512 
0.848 
0.400 
0.332 
0.611 
0.808 
0.422 
0.479 
0.693 
