0.277 
0.668 
0.231 
0.856 
0.291 
0.346 
0.191 
0.239 
0.637 
0.334 
0.611 
0.360 
0.380 
0.358 
0.491 
0.309 
0.570 
0.727 
0.288 
0.364 
0.273 
0.451 
0.583 
0.563 
0.452 
0.686 
0.282 
0.703 
0.290 
0.263 
0.258 
0.389 
0.190 
0.505 
0.315 
0.484 
0.708 
0.343 
0.393 
0.436 
0.731 
0.466 
0.766 
0.249 
0.463 
0.358 
0.267 
0.263 
0.391 
0.376 
0.278 
0.107 
0.653 
0.243 
0.146 
0.482 
0.507 
0.682 
0.326 
0.663 
0.744 
0.592 
0.528 
0.543 
0.620 
0.366 
0.299 
0.169 
0.507 
0.214 
0.671 
0.319 
0.211 
0.678 
0.219 
0.242 
0.575 
0.518 
0.302 
1.051 
0.486 
0.443 
0.672 
0.536 
0.503 
0.363 
0.467 
0.666 
0.160 
0.425 
0.370 
0.351 
0.741 
0.630 
0.685 
0.447 
0.470 
0.158 
0.287 
0.770 
