0.159 
0.367 
0.310 
0.087 
0.441 
0.069 
0.385 
0.128 
0.315 
0.220 
0.273 
0.448 
0.427 
0.159 
0.501 
0.351 
0.094 
0.314 
0.332 
0.056 
0.194 
0.047 
0.202 
0.222 
0.108 
0.192 
0.155 
0.080 
0.266 
0.073 
0.096 
0.216 
0.102 
0.228 
0.180 
0.121 
0.063 
0.089 
0.074 
0.117 
0.133 
0.219 
0.114 
0.073 
0.099 
0.133 
0.276 
0.088 
0.079 
0.267 
0.126 
0.091 
0.123 
0.064 
0.144 
0.070 
0.179 
0.306 
0.133 
0.120 
0.094 
0.156 
0.454 
0.245 
0.165 
0.240 
0.071 
0.266 
0.154 
0.185 
0.104 
0.338 
0.229 
0.290 
0.092 
0.530 
0.105 
0.208 
0.273 
0.076 
0.141 
0.190 
0.243 
0.077 
0.314 
0.173 
0.064 
0.132 
0.096 
0.118 
0.310 
0.100 
0.143 
0.182 
0.077 
0.118 
0.079 
0.084 
0.151 
0.214 
