0.520 
0.534 
0.549 
0.568 
0.621 
0.701 
0.652 
0.651 
0.697 
0.756 
0.775 
0.774 
0.771 
0.801 
0.815 
0.817 
0.805 
0.814 
0.835 
0.842 
0.843 
0.842 
0.849 
0.856 
0.858 
0.855 
0.853 
0.859 
0.865 
0.866 
0.866 
0.865 
0.867 
0.870 
0.871 
0.871 
0.869 
0.870 
0.873 
0.874 
0.874 
0.873 
0.873 
0.875 
0.876 
0.877 
0.877 
0.877 
0.878 
0.879 
0.880 
0.880 
0.879 
0.879 
0.879 
0.880 
0.881 
0.881 
0.881 
0.881 
0.882 
0.882 
0.882 
0.882 
0.881 
0.881 
0.882 
0.882 
0.882 
0.882 
0.882 
0.882 
0.883 
0.883 
0.883 
0.883 
0.883 
0.883 
0.883 
0.883 
0.883 
0.883 
0.883 
0.883 
0.883 
0.883 
0.883 
0.883 
0.883 
0.883 
0.883 
0.883 
0.883 
0.883 
0.883 
0.883 
0.883 
0.883 
0.883 
0.883 
