0.328 
0.047 
0.063 
0.278 
0.377 
0.082 
0.326 
0.152 
0.137 
0.075 
0.185 
0.078 
0.117 
0.292 
0.063 
0.109 
0.126 
0.070 
0.062 
0.159 
0.086 
0.449 
0.067 
0.106 
0.196 
0.122 
0.083 
0.170 
0.329 
0.321 
0.060 
0.242 
0.123 
0.078 
0.123 
0.286 
0.180 
0.096 
0.278 
0.079 
0.194 
0.082 
0.081 
0.078 
0.143 
0.278 
0.239 
0.163 
0.196 
0.110 
0.065 
0.083 
0.099 
0.101 
0.199 
0.150 
0.105 
0.335 
0.157 
0.293 
0.350 
0.113 
0.060 
0.164 
0.118 
0.358 
0.187 
0.068 
0.184 
0.092 
0.062 
0.191 
0.249 
0.410 
0.127 
0.077 
0.323 
0.053 
0.149 
0.060 
0.070 
0.201 
0.203 
0.380 
0.375 
0.070 
0.297 
0.069 
0.225 
0.129 
0.049 
0.591 
0.118 
0.059 
0.105 
0.246 
0.277 
0.299 
0.313 
0.053 
