0.308 
0.317 
0.325 
0.309 
0.331 
0.310 
0.321 
0.329 
0.319 
0.324 
0.356 
0.297 
0.321 
0.291 
0.333 
0.334 
0.329 
0.331 
0.338 
0.298 
0.333 
0.319 
0.351 
0.328 
0.326 
0.301 
0.322 
0.321 
0.318 
0.318 
0.341 
0.313 
0.334 
0.320 
0.317 
0.307 
0.315 
0.349 
0.329 
0.320 
0.333 
0.321 
0.315 
0.305 
0.327 
0.313 
0.334 
0.360 
0.313 
0.318 
0.303 
0.296 
0.300 
0.326 
0.311 
0.318 
0.338 
0.306 
0.308 
0.326 
0.321 
0.324 
0.302 
0.299 
0.333 
0.335 
0.325 
0.316 
0.295 
0.310 
0.341 
0.325 
0.322 
0.297 
0.322 
0.304 
0.335 
0.309 
0.311 
0.349 
0.332 
0.297 
0.314 
0.322 
0.294 
0.325 
0.326 
0.296 
0.340 
0.305 
0.296 
0.333 
0.352 
0.322 
0.329 
0.315 
0.311 
0.324 
0.314 
0.292 
