0.313 
0.342 
0.310 
0.315 
0.310 
0.344 
0.315 
0.317 
0.291 
0.311 
0.322 
0.317 
0.320 
0.300 
0.314 
0.363 
0.304 
0.300 
0.325 
0.336 
0.331 
0.325 
0.336 
0.308 
0.340 
0.360 
0.356 
0.317 
0.312 
0.304 
0.318 
0.298 
0.324 
0.328 
0.300 
0.301 
0.311 
0.362 
0.315 
0.329 
0.291 
0.319 
0.303 
0.308 
0.335 
0.318 
0.323 
0.302 
0.373 
0.288 
0.331 
0.319 
0.309 
0.305 
0.320 
0.318 
0.320 
0.357 
0.320 
0.326 
0.336 
0.345 
0.348 
0.323 
0.305 
0.298 
0.300 
0.358 
0.321 
0.346 
0.350 
0.284 
0.310 
0.320 
0.346 
0.300 
0.344 
0.306 
0.345 
0.313 
0.305 
0.312 
0.337 
0.334 
0.319 
0.323 
0.308 
0.332 
0.318 
0.320 
0.315 
0.322 
0.294 
0.296 
0.313 
0.316 
0.326 
0.292 
0.304 
0.327 
