0.960 
0.286 
0.128 
0.470 
0.502 
0.174 
0.674 
0.417 
0.529 
0.284 
0.306 
0.335 
0.565 
0.143 
0.101 
0.209 
0.410 
0.398 
0.613 
0.251 
0.206 
0.468 
0.164 
0.450 
0.211 
0.116 
0.317 
0.488 
0.448 
0.450 
0.321 
0.271 
0.497 
0.255 
0.101 
0.378 
0.154 
0.349 
0.456 
0.524 
0.136 
0.412 
0.326 
0.139 
0.180 
0.309 
0.485 
0.497 
0.267 
0.285 
0.228 
0.372 
0.366 
0.233 
0.403 
0.276 
0.450 
0.232 
0.150 
0.281 
0.455 
0.152 
0.223 
0.190 
0.276 
0.144 
0.414 
0.265 
0.222 
0.544 
0.501 
0.194 
0.380 
0.340 
0.201 
0.408 
0.533 
0.094 
0.095 
0.154 
0.196 
0.110 
0.511 
0.149 
0.117 
0.365 
0.362 
0.285 
0.486 
0.180 
0.139 
0.331 
0.591 
0.340 
0.148 
0.193 
0.118 
0.438 
0.455 
0.102 
