0.342 
0.512 
0.265 
0.214 
0.200 
0.380 
0.378 
0.122 
0.706 
0.101 
0.386 
0.169 
0.110 
0.276 
0.401 
0.493 
0.265 
0.164 
0.409 
0.366 
0.357 
0.216 
0.427 
0.149 
0.320 
0.593 
0.374 
0.409 
0.625 
0.162 
0.427 
0.148 
0.220 
0.263 
0.339 
0.339 
0.102 
0.169 
0.370 
0.199 
0.153 
0.281 
0.096 
0.377 
0.475 
0.249 
0.414 
0.159 
0.279 
0.395 
0.123 
0.447 
0.489 
0.098 
0.297 
0.185 
0.329 
0.361 
0.117 
0.509 
0.099 
0.077 
0.497 
0.810 
0.284 
0.760 
0.149 
0.112 
0.264 
0.565 
0.290 
0.425 
0.149 
0.247 
0.087 
0.193 
0.504 
0.382 
0.254 
0.396 
0.372 
0.136 
0.413 
0.443 
0.221 
0.213 
0.340 
0.172 
0.125 
0.059 
0.396 
0.265 
0.372 
0.082 
0.328 
0.119 
0.449 
0.636 
0.491 
0.225 
