0.607 
0.300 
0.308 
0.702 
0.371 
0.378 
0.375 
0.469 
0.251 
0.804 
0.361 
0.249 
0.442 
0.368 
0.452 
0.544 
0.279 
0.389 
0.502 
0.449 
0.521 
0.612 
0.218 
0.431 
0.351 
0.756 
0.393 
0.678 
0.607 
0.235 
0.548 
0.611 
0.608 
0.408 
0.324 
0.314 
0.227 
0.239 
0.262 
0.496 
0.345 
0.430 
0.487 
0.572 
0.395 
0.526 
0.418 
0.239 
0.619 
0.603 
0.492 
0.709 
0.212 
0.552 
0.508 
0.320 
0.369 
0.566 
0.701 
0.777 
0.571 
0.767 
0.371 
0.539 
0.425 
0.614 
0.642 
0.781 
0.640 
0.599 
0.400 
0.452 
0.451 
0.399 
0.493 
0.343 
0.667 
0.552 
0.799 
0.499 
0.717 
0.506 
0.407 
0.396 
0.308 
0.380 
0.108 
0.308 
0.175 
0.358 
0.483 
0.266 
0.557 
0.422 
0.356 
0.597 
0.485 
0.554 
0.300 
0.556 
