0.615 
0.657 
0.475 
0.467 
0.520 
0.441 
0.786 
0.427 
0.898 
0.492 
0.505 
0.554 
0.232 
0.501 
0.318 
0.193 
0.579 
0.426 
0.347 
0.340 
0.571 
0.535 
0.464 
0.470 
0.518 
0.452 
0.530 
0.515 
0.195 
0.640 
0.494 
0.423 
0.531 
0.683 
0.490 
0.359 
0.400 
0.542 
0.175 
0.265 
0.554 
0.736 
0.340 
0.456 
0.534 
0.517 
0.600 
0.408 
0.424 
0.404 
0.697 
0.625 
0.554 
0.265 
0.240 
0.489 
0.461 
0.369 
0.453 
0.367 
0.556 
0.365 
0.360 
0.134 
0.337 
0.614 
0.352 
0.410 
0.636 
0.287 
0.262 
0.456 
0.640 
0.525 
1.084 
0.414 
0.561 
0.580 
0.473 
0.482 
1.039 
0.584 
0.314 
0.196 
0.365 
0.520 
0.286 
0.525 
0.728 
0.559 
0.335 
0.429 
0.349 
0.639 
0.282 
0.609 
0.416 
0.151 
0.167 
0.379 
