0.865 
0.846 
0.386 
0.616 
0.284 
0.393 
0.512 
0.379 
0.587 
0.224 
0.251 
0.461 
0.612 
0.200 
0.331 
0.574 
0.644 
0.407 
0.615 
0.220 
0.368 
0.525 
0.319 
0.473 
0.491 
0.390 
0.724 
0.090 
0.349 
0.613 
0.250 
0.581 
0.499 
0.583 
1.007 
0.548 
0.483 
0.495 
0.450 
0.217 
0.554 
0.242 
0.142 
0.485 
0.164 
0.257 
0.838 
0.498 
0.594 
0.749 
0.455 
0.453 
0.606 
0.792 
0.462 
0.473 
0.247 
0.233 
0.190 
0.488 
0.660 
0.510 
0.531 
0.480 
0.563 
0.667 
0.593 
0.328 
0.538 
0.421 
0.235 
0.312 
0.547 
0.288 
0.647 
0.750 
0.493 
0.721 
0.851 
0.393 
0.673 
0.571 
0.500 
0.634 
0.255 
0.419 
0.216 
0.306 
0.750 
0.647 
0.328 
0.254 
0.411 
0.349 
0.280 
0.708 
0.701 
0.546 
0.856 
0.510 
