0.178 
0.361 
0.055 
0.142 
0.316 
0.065 
0.174 
0.122 
0.098 
0.140 
0.114 
0.355 
0.234 
0.074 
0.059 
0.196 
0.506 
0.122 
0.284 
0.067 
0.252 
0.149 
0.108 
0.400 
0.491 
0.098 
0.072 
0.102 
0.173 
0.101 
0.126 
0.359 
0.366 
0.325 
0.130 
0.092 
0.241 
0.176 
0.529 
0.393 
0.312 
0.077 
0.113 
0.077 
0.434 
0.066 
0.070 
0.277 
0.103 
0.062 
0.170 
0.101 
0.103 
0.104 
0.139 
0.119 
0.069 
0.116 
0.156 
0.090 
0.130 
0.096 
0.071 
0.139 
0.142 
0.091 
0.282 
0.278 
0.210 
0.206 
0.168 
0.257 
0.117 
0.253 
0.132 
0.186 
0.092 
0.075 
0.291 
0.212 
0.059 
0.234 
0.146 
0.094 
0.091 
0.133 
0.129 
0.189 
0.378 
0.099 
0.179 
0.087 
0.276 
0.142 
0.192 
0.106 
0.100 
0.095 
0.081 
0.168 
