0.295 
0.264 
0.073 
0.280 
0.255 
0.197 
0.117 
0.074 
0.311 
0.075 
0.302 
0.129 
0.239 
0.160 
0.177 
0.142 
0.107 
0.362 
0.118 
0.075 
0.130 
0.341 
0.115 
0.285 
0.290 
0.502 
0.099 
0.076 
0.118 
0.274 
0.111 
0.227 
0.114 
0.273 
0.138 
0.145 
0.239 
0.124 
0.325 
0.080 
0.266 
0.113 
0.070 
0.156 
0.358 
0.105 
0.194 
0.122 
0.122 
0.361 
0.069 
0.145 
0.140 
0.484 
0.087 
0.190 
0.396 
0.085 
0.093 
0.289 
0.171 
0.233 
0.398 
0.178 
0.115 
0.112 
0.264 
0.243 
0.295 
0.285 
0.072 
0.113 
0.119 
0.446 
0.155 
0.180 
0.194 
0.119 
0.169 
0.096 
0.165 
0.087 
0.078 
0.172 
0.321 
0.233 
0.100 
0.095 
0.185 
0.179 
0.170 
0.092 
0.242 
0.146 
0.078 
0.265 
0.204 
0.159 
0.325 
0.133 
