0.565 
0.560 
0.604 
0.568 
0.638 
0.499 
0.586 
0.569 
0.533 
0.601 
0.542 
0.492 
0.556 
0.516 
0.518 
0.555 
0.516 
0.634 
0.509 
0.472 
0.588 
0.563 
0.654 
0.629 
0.577 
0.606 
0.547 
0.502 
0.517 
0.622 
0.630 
0.592 
0.661 
0.543 
0.590 
0.609 
0.616 
0.656 
0.470 
0.530 
0.538 
0.469 
0.556 
0.629 
0.562 
0.630 
0.623 
0.576 
0.544 
0.618 
0.577 
0.568 
0.530 
0.598 
0.608 
0.641 
0.635 
0.612 
0.526 
0.543 
0.548 
0.519 
0.492 
0.632 
0.528 
0.584 
0.534 
0.554 
0.703 
0.530 
0.492 
0.646 
0.644 
0.604 
0.491 
0.534 
0.541 
0.563 
0.621 
0.598 
0.585 
0.572 
0.581 
0.564 
0.620 
0.586 
0.579 
0.572 
0.594 
0.447 
0.632 
0.664 
0.596 
0.527 
0.569 
0.626 
0.588 
0.494 
0.573 
0.585 
