0.169 
0.266 
0.250 
0.066 
0.254 
0.174 
0.031 
0.075 
0.090 
0.131 
0.118 
0.127 
0.125 
0.187 
0.092 
0.102 
0.063 
0.046 
0.207 
0.063 
0.060 
0.074 
0.099 
0.185 
0.016 
0.155 
0.044 
0.044 
0.043 
0.106 
0.220 
0.060 
0.056 
0.414 
0.141 
0.065 
0.042 
0.094 
0.043 
0.080 
0.075 
0.057 
0.298 
0.126 
0.103 
0.094 
0.093 
0.119 
0.055 
0.018 
0.099 
0.067 
0.036 
0.043 
0.082 
0.048 
0.147 
0.095 
0.044 
0.072 
0.050 
0.194 
0.063 
0.150 
0.264 
0.163 
0.148 
0.170 
0.203 
0.114 
0.058 
0.019 
0.104 
0.107 
0.036 
0.103 
0.135 
0.166 
0.047 
0.019 
0.214 
0.115 
0.141 
0.018 
0.068 
0.031 
0.215 
0.052 
0.182 
0.027 
0.327 
0.170 
0.088 
0.076 
0.148 
0.135 
0.075 
0.104 
0.147 
0.174 
