0.521 
0.534 
0.550 
0.568 
0.626 
0.698 
0.642 
0.639 
0.681 
0.741 
0.768 
0.770 
0.760 
0.794 
0.809 
0.815 
0.798 
0.801 
0.827 
0.839 
0.844 
0.844 
0.849 
0.854 
0.857 
0.854 
0.849 
0.851 
0.860 
0.864 
0.865 
0.865 
0.865 
0.868 
0.871 
0.872 
0.870 
0.867 
0.868 
0.871 
0.874 
0.874 
0.874 
0.874 
0.876 
0.877 
0.877 
0.877 
0.877 
0.877 
0.878 
0.879 
0.879 
0.878 
0.877 
0.878 
0.879 
0.880 
0.880 
0.880 
0.880 
0.881 
0.882 
0.882 
0.881 
0.880 
0.880 
0.880 
0.881 
0.881 
0.881 
0.882 
0.882 
0.883 
0.883 
0.883 
0.882 
0.882 
0.882 
0.882 
0.882 
0.882 
0.883 
0.883 
0.883 
0.883 
0.882 
0.883 
0.882 
0.882 
0.882 
0.882 
0.882 
0.882 
0.882 
0.882 
0.882 
0.882 
0.883 
0.883 
