0.521 
0.535 
0.550 
0.568 
0.621 
0.699 
0.652 
0.648 
0.693 
0.750 
0.771 
0.770 
0.764 
0.795 
0.811 
0.815 
0.802 
0.809 
0.830 
0.839 
0.842 
0.842 
0.849 
0.856 
0.858 
0.856 
0.853 
0.857 
0.863 
0.865 
0.865 
0.864 
0.866 
0.869 
0.870 
0.870 
0.867 
0.868 
0.871 
0.873 
0.874 
0.873 
0.873 
0.873 
0.875 
0.876 
0.877 
0.877 
0.877 
0.878 
0.880 
0.880 
0.880 
0.880 
0.879 
0.880 
0.880 
0.880 
0.880 
0.880 
0.881 
0.881 
0.881 
0.881 
0.881 
0.881 
0.881 
0.882 
0.882 
0.882 
0.882 
0.882 
0.882 
0.882 
0.882 
0.882 
0.882 
0.881 
0.881 
0.882 
0.882 
0.882 
0.882 
0.882 
0.882 
0.883 
0.883 
0.883 
0.882 
0.882 
0.882 
0.883 
0.883 
0.883 
0.883 
0.882 
0.882 
0.882 
0.882 
0.882 
