0.249 
0.051 
0.094 
0.230 
0.057 
0.070 
0.094 
0.234 
0.066 
0.202 
0.177 
0.119 
0.089 
0.417 
0.099 
0.061 
0.116 
0.163 
0.154 
0.092 
0.155 
0.130 
0.226 
0.189 
0.126 
0.117 
0.087 
0.197 
0.059 
0.182 
0.148 
0.107 
0.190 
0.114 
0.089 
0.142 
0.274 
0.310 
0.079 
0.225 
0.147 
0.279 
0.106 
0.123 
0.081 
0.131 
0.217 
0.086 
0.154 
0.079 
0.097 
0.127 
0.074 
0.043 
0.031 
0.314 
0.161 
0.152 
0.343 
0.183 
0.166 
0.424 
0.249 
0.187 
0.276 
0.090 
0.183 
0.090 
0.208 
0.208 
0.279 
0.050 
0.081 
0.089 
0.277 
0.303 
0.139 
0.253 
0.146 
0.138 
0.099 
0.158 
0.115 
0.247 
0.051 
0.230 
0.048 
0.094 
0.114 
0.107 
0.037 
0.127 
0.045 
0.168 
0.110 
0.159 
0.306 
0.230 
0.130 
0.182 
