0.468 
0.824 
0.193 
0.574 
0.237 
0.477 
0.324 
0.242 
0.700 
0.370 
0.351 
0.119 
0.386 
0.366 
0.513 
0.417 
0.307 
0.690 
0.162 
0.369 
0.294 
0.562 
0.258 
0.386 
0.296 
0.466 
0.715 
0.389 
0.357 
0.153 
0.731 
0.518 
0.145 
0.377 
0.294 
0.576 
0.362 
0.372 
0.460 
0.330 
0.338 
0.262 
0.290 
0.284 
0.510 
0.319 
0.348 
0.646 
0.338 
0.524 
0.180 
0.426 
0.541 
0.370 
0.373 
0.353 
0.446 
0.325 
0.438 
0.302 
0.458 
0.197 
0.682 
0.223 
0.430 
0.417 
0.305 
0.375 
0.271 
0.329 
0.389 
0.538 
0.201 
0.420 
0.306 
0.361 
0.324 
0.245 
0.420 
0.214 
0.409 
0.439 
0.738 
0.580 
0.568 
0.375 
0.289 
0.567 
0.426 
0.465 
0.434 
0.298 
0.400 
0.318 
0.646 
0.541 
0.241 
0.674 
0.685 
0.603 
