0.627 
0.391 
0.515 
0.363 
0.303 
0.405 
0.165 
0.566 
0.394 
0.313 
0.522 
0.141 
0.190 
0.267 
0.253 
0.472 
0.527 
0.257 
0.332 
0.272 
0.169 
0.512 
0.499 
0.393 
0.442 
0.399 
0.298 
0.101 
0.268 
0.552 
0.450 
0.302 
0.504 
0.318 
0.235 
0.198 
0.230 
0.202 
0.403 
0.383 
0.512 
0.445 
0.202 
0.410 
0.109 
0.174 
0.515 
0.297 
0.653 
0.573 
0.685 
0.322 
0.241 
0.310 
0.318 
0.226 
0.271 
0.162 
0.249 
0.306 
0.258 
0.258 
0.350 
0.298 
0.185 
0.294 
0.390 
0.313 
0.121 
0.122 
0.687 
0.134 
0.331 
0.371 
0.376 
0.613 
0.386 
0.215 
0.358 
0.412 
0.393 
0.201 
0.538 
0.406 
0.634 
0.507 
0.435 
0.461 
0.279 
0.531 
0.173 
0.073 
0.555 
0.371 
0.375 
0.821 
0.450 
0.500 
0.403 
0.402 
