0.089 
0.034 
0.044 
0.030 
0.027 
0.086 
0.025 
0.121 
0.032 
0.131 
0.073 
0.014 
0.116 
0.066 
0.142 
0.032 
0.042 
0.029 
0.220 
0.058 
0.032 
0.050 
0.161 
0.024 
0.026 
0.024 
0.044 
0.074 
0.018 
0.069 
0.045 
0.067 
0.202 
0.037 
0.043 
0.099 
0.014 
0.106 
0.085 
0.012 
0.046 
0.015 
0.041 
0.127 
0.042 
0.057 
0.123 
0.125 
0.025 
0.027 
0.216 
0.055 
0.024 
0.021 
0.068 
0.096 
0.038 
0.217 
0.105 
0.025 
0.132 
0.040 
0.074 
0.040 
0.075 
0.152 
0.023 
0.073 
0.083 
0.014 
0.034 
0.023 
0.045 
0.098 
0.021 
0.040 
0.180 
0.066 
0.132 
0.138 
0.056 
0.220 
0.135 
0.066 
0.190 
0.023 
0.027 
0.070 
0.161 
0.199 
0.024 
0.201 
0.014 
0.193 
0.032 
0.041 
0.025 
0.056 
0.098 
0.027 
