0.274 
0.059 
0.051 
0.185 
0.061 
0.183 
0.104 
0.058 
0.058 
0.055 
0.198 
0.017 
0.115 
0.207 
0.193 
0.054 
0.038 
0.082 
0.099 
0.035 
0.179 
0.045 
0.169 
0.021 
0.067 
0.047 
0.031 
0.041 
0.059 
0.097 
0.023 
0.026 
0.209 
0.030 
0.051 
0.108 
0.085 
0.067 
0.099 
0.216 
0.075 
0.293 
0.100 
0.033 
0.084 
0.039 
0.015 
0.035 
0.024 
0.076 
0.087 
0.207 
0.024 
0.053 
0.149 
0.040 
0.083 
0.225 
0.184 
0.095 
0.113 
0.044 
0.074 
0.032 
0.013 
0.031 
0.284 
0.033 
0.066 
0.041 
0.024 
0.131 
0.014 
0.183 
0.020 
0.053 
0.014 
0.314 
0.076 
0.092 
0.026 
0.056 
0.014 
0.013 
0.044 
0.033 
0.229 
0.025 
0.084 
0.127 
0.095 
0.195 
0.075 
0.063 
0.128 
0.037 
0.172 
0.068 
0.027 
0.124 
