0.002 
0.000 
0.001 
0.001 
0.002 
0.000 
0.002 
0.001 
0.001 
0.108 
0.001 
0.007 
0.000 
0.001 
0.001 
0.001 
0.001 
0.005 
0.001 
0.004 
0.000 
0.001 
0.006 
0.001 
0.011 
0.001 
0.001 
0.001 
0.021 
0.001 
0.031 
0.049 
0.007 
0.000 
0.003 
0.001 
0.001 
0.000 
0.016 
0.014 
0.056 
0.007 
0.007 
0.001 
0.001 
0.001 
0.000 
0.004 
0.001 
0.007 
0.000 
0.006 
0.001 
0.008 
0.003 
0.004 
0.001 
0.001 
0.025 
0.001 
0.001 
0.000 
0.002 
0.001 
0.001 
0.001 
0.002 
0.007 
0.008 
0.001 
0.004 
0.003 
0.123 
0.005 
0.048 
0.045 
0.033 
0.004 
0.001 
0.048 
0.052 
0.046 
0.094 
0.001 
0.063 
0.118 
0.002 
0.001 
0.005 
0.001 
0.000 
0.099 
0.015 
0.003 
0.001 
0.001 
0.004 
0.001 
0.001 
0.001 
