0.551 
0.476 
0.388 
0.295 
0.224 
0.248 
0.202 
0.208 
0.188 
0.186 
0.173 
0.170 
0.166 
0.159 
0.158 
0.150 
0.148 
0.143 
0.141 
0.137 
0.133 
0.131 
0.127 
0.125 
0.121 
0.119 
0.116 
0.113 
0.111 
0.108 
0.106 
0.104 
0.101 
0.099 
0.097 
0.095 
0.094 
0.092 
0.090 
0.088 
0.086 
0.085 
0.083 
0.082 
0.080 
0.078 
0.077 
0.076 
0.074 
0.073 
0.071 
0.070 
0.069 
0.068 
0.066 
0.065 
0.064 
0.063 
0.062 
0.061 
0.060 
0.059 
0.058 
0.057 
0.057 
0.056 
0.055 
0.054 
0.053 
0.053 
0.052 
0.051 
0.050 
0.050 
0.049 
0.049 
0.048 
0.048 
0.047 
0.046 
0.046 
0.045 
0.045 
0.045 
0.044 
0.044 
0.043 
0.043 
0.043 
0.042 
0.042 
0.042 
0.042 
0.041 
0.041 
0.041 
0.041 
0.040 
0.040 
0.040 
