0.067 
0.054 
0.024 
0.042 
0.043 
0.025 
0.128 
0.024 
0.032 
0.060 
0.026 
0.045 
0.022 
0.024 
0.026 
0.027 
0.025 
0.028 
0.029 
0.025 
0.067 
0.045 
0.047 
0.053 
0.066 
0.032 
0.027 
0.025 
0.029 
0.025 
0.053 
0.048 
0.082 
0.058 
0.027 
0.024 
0.027 
0.066 
0.040 
0.074 
0.039 
0.082 
0.026 
0.048 
0.087 
0.039 
0.044 
0.024 
0.037 
0.028 
0.032 
0.047 
0.037 
0.058 
0.040 
0.052 
0.024 
0.024 
0.026 
0.068 
0.065 
0.023 
0.024 
0.024 
0.025 
0.025 
0.041 
0.047 
0.023 
0.044 
0.027 
0.024 
0.139 
0.042 
0.045 
0.044 
0.063 
0.026 
0.029 
0.057 
0.037 
0.050 
0.058 
0.027 
0.125 
0.036 
0.051 
0.041 
0.047 
0.028 
0.053 
0.044 
0.106 
0.025 
0.023 
0.046 
0.107 
0.028 
0.026 
0.024 
