0.073 
0.058 
0.028 
0.046 
0.047 
0.029 
0.133 
0.028 
0.036 
0.063 
0.030 
0.049 
0.027 
0.028 
0.031 
0.030 
0.029 
0.031 
0.033 
0.029 
0.071 
0.048 
0.051 
0.056 
0.070 
0.036 
0.031 
0.030 
0.037 
0.029 
0.074 
0.051 
0.086 
0.062 
0.031 
0.028 
0.031 
0.069 
0.045 
0.078 
0.043 
0.085 
0.030 
0.052 
0.091 
0.043 
0.048 
0.028 
0.042 
0.032 
0.036 
0.051 
0.041 
0.062 
0.045 
0.055 
0.029 
0.029 
0.030 
0.073 
0.069 
0.027 
0.028 
0.028 
0.029 
0.028 
0.044 
0.051 
0.027 
0.047 
0.032 
0.028 
0.143 
0.045 
0.049 
0.048 
0.067 
0.030 
0.033 
0.060 
0.041 
0.054 
0.062 
0.031 
0.129 
0.039 
0.056 
0.046 
0.051 
0.033 
0.074 
0.048 
0.109 
0.030 
0.028 
0.050 
0.110 
0.033 
0.030 
0.044 
