0.520 
0.534 
0.549 
0.567 
0.614 
0.703 
0.667 
0.668 
0.722 
0.758 
0.778 
0.775 
0.784 
0.808 
0.818 
0.817 
0.814 
0.826 
0.837 
0.841 
0.840 
0.842 
0.851 
0.856 
0.857 
0.855 
0.856 
0.862 
0.865 
0.865 
0.865 
0.865 
0.868 
0.870 
0.870 
0.870 
0.870 
0.872 
0.873 
0.874 
0.873 
0.873 
0.874 
0.875 
0.876 
0.876 
0.876 
0.877 
0.878 
0.879 
0.879 
0.879 
0.879 
0.879 
0.880 
0.880 
0.880 
0.880 
0.880 
0.880 
0.881 
0.881 
0.881 
0.881 
0.881 
0.881 
0.882 
0.882 
0.882 
0.882 
0.882 
0.882 
0.883 
0.883 
0.883 
0.883 
0.883 
0.883 
0.883 
0.883 
0.882 
0.882 
0.882 
0.882 
0.882 
0.882 
0.883 
0.883 
0.883 
0.883 
0.883 
0.883 
0.883 
0.883 
0.882 
0.882 
0.882 
0.882 
0.883 
0.883 
