0.216 
0.172 
0.135 
0.161 
0.131 
0.157 
0.153 
0.179 
0.251 
0.095 
0.120 
0.234 
0.133 
0.096 
0.117 
0.124 
0.158 
0.126 
0.200 
0.087 
0.113 
0.130 
0.125 
0.135 
0.156 
0.089 
0.121 
0.084 
0.126 
0.221 
0.122 
0.194 
0.129 
0.142 
0.212 
0.196 
0.309 
0.243 
0.104 
0.155 
0.144 
0.275 
0.186 
0.241 
0.172 
0.181 
0.370 
0.150 
0.300 
0.137 
0.099 
0.130 
0.119 
0.166 
0.168 
0.271 
0.172 
0.146 
0.136 
0.180 
0.152 
0.134 
0.111 
0.098 
0.192 
0.134 
0.124 
0.161 
0.130 
0.284 
0.126 
0.155 
0.158 
0.132 
0.083 
0.074 
0.164 
0.120 
0.099 
0.140 
0.183 
0.185 
0.167 
0.156 
0.120 
0.309 
0.133 
0.091 
0.099 
0.095 
0.126 
0.155 
0.231 
0.130 
0.158 
0.121 
0.123 
0.159 
0.144 
0.115 
