0.001 
0.208 
0.018 
0.194 
0.003 
0.132 
0.282 
0.003 
0.056 
0.128 
0.005 
0.108 
0.282 
0.001 
0.073 
0.001 
0.000 
0.011 
0.148 
0.001 
0.173 
0.160 
0.030 
0.003 
0.069 
0.001 
0.408 
0.219 
0.080 
0.000 
0.001 
0.030 
0.003 
0.047 
0.013 
0.000 
0.001 
0.013 
0.015 
0.236 
0.101 
0.001 
0.174 
0.001 
0.003 
0.003 
0.046 
0.032 
0.001 
0.068 
0.022 
0.140 
0.003 
0.193 
0.001 
0.019 
0.020 
0.020 
0.041 
0.046 
0.381 
0.182 
0.024 
0.001 
0.003 
0.150 
0.017 
0.003 
0.034 
0.001 
0.051 
0.026 
0.158 
0.211 
0.005 
0.001 
0.003 
0.135 
0.020 
0.071 
0.128 
0.223 
0.252 
0.001 
0.106 
0.035 
0.048 
0.167 
0.294 
0.089 
0.028 
0.000 
0.132 
0.004 
0.000 
0.001 
0.174 
0.005 
0.001 
0.000 
