0.201 
0.169 
0.096 
0.158 
0.128 
0.125 
0.150 
0.175 
0.233 
0.092 
0.117 
0.231 
0.130 
0.093 
0.115 
0.120 
0.155 
0.123 
0.197 
0.084 
0.111 
0.127 
0.121 
0.131 
0.153 
0.084 
0.118 
0.081 
0.123 
0.217 
0.119 
0.176 
0.127 
0.140 
0.209 
0.193 
0.306 
0.239 
0.101 
0.136 
0.141 
0.271 
0.184 
0.237 
0.169 
0.178 
0.363 
0.147 
0.298 
0.133 
0.096 
0.115 
0.116 
0.163 
0.165 
0.267 
0.169 
0.134 
0.133 
0.177 
0.149 
0.130 
0.108 
0.095 
0.161 
0.131 
0.121 
0.136 
0.127 
0.281 
0.123 
0.152 
0.156 
0.128 
0.080 
0.071 
0.160 
0.116 
0.095 
0.129 
0.165 
0.165 
0.164 
0.152 
0.117 
0.305 
0.130 
0.088 
0.096 
0.092 
0.124 
0.151 
0.228 
0.127 
0.154 
0.118 
0.120 
0.156 
0.130 
0.112 
