0.016 
0.018 
0.039 
0.017 
0.028 
0.032 
0.004 
0.005 
0.003 
0.004 
0.004 
0.016 
0.004 
0.004 
0.003 
0.005 
0.004 
0.003 
0.004 
0.004 
0.003 
0.004 
0.005 
0.052 
0.003 
0.006 
0.015 
0.004 
0.004 
0.013 
0.049 
0.018 
0.003 
0.003 
0.003 
0.003 
0.003 
0.005 
0.003 
0.020 
0.004 
0.004 
0.003 
0.005 
0.003 
0.004 
0.007 
0.025 
0.003 
0.005 
0.004 
0.015 
0.021 
0.015 
0.018 
0.036 
0.004 
0.013 
0.004 
0.005 
0.022 
0.004 
0.003 
0.004 
0.032 
0.004 
0.034 
0.025 
0.004 
0.003 
0.003 
0.024 
0.003 
0.005 
0.004 
0.022 
0.030 
0.017 
0.004 
0.012 
0.018 
0.020 
0.008 
0.018 
0.058 
0.005 
0.003 
0.003 
0.004 
0.003 
0.019 
0.044 
0.004 
0.004 
0.005 
0.021 
0.004 
0.031 
0.014 
0.004 
