0.050 
0.097 
0.078 
0.111 
0.041 
0.043 
0.051 
0.158 
0.072 
0.122 
0.062 
0.192 
0.191 
0.056 
0.062 
0.072 
0.038 
0.039 
0.110 
0.194 
0.140 
0.036 
0.116 
0.129 
0.040 
0.147 
0.033 
0.158 
0.064 
0.127 
0.065 
0.125 
0.063 
0.059 
0.031 
0.057 
0.032 
0.036 
0.031 
0.031 
0.050 
0.057 
0.181 
0.037 
0.038 
0.075 
0.052 
0.042 
0.050 
0.147 
0.051 
0.128 
0.034 
0.053 
0.098 
0.033 
0.052 
0.035 
0.098 
0.079 
0.144 
0.072 
0.069 
0.166 
0.070 
0.051 
0.051 
0.075 
0.057 
0.037 
0.132 
0.157 
0.066 
0.063 
0.047 
0.079 
0.160 
0.092 
0.036 
0.030 
0.042 
0.031 
0.147 
0.032 
0.037 
0.121 
0.094 
0.044 
0.029 
0.038 
0.055 
0.056 
0.031 
0.042 
0.034 
0.143 
0.057 
0.198 
0.092 
0.102 
