0.006 
0.005 
0.004 
0.005 
0.004 
0.016 
0.005 
0.004 
0.004 
0.004 
0.004 
0.005 
0.004 
0.004 
0.005 
0.004 
0.005 
0.004 
0.004 
0.005 
0.004 
0.004 
0.005 
0.004 
0.004 
0.003 
0.004 
0.005 
0.004 
0.004 
0.005 
0.004 
0.004 
0.004 
0.004 
0.004 
0.004 
0.004 
0.005 
0.004 
0.004 
0.004 
0.004 
0.005 
0.004 
0.004 
0.005 
0.004 
0.025 
0.004 
0.004 
0.005 
0.004 
0.004 
0.021 
0.004 
0.004 
0.004 
0.004 
0.005 
0.004 
0.004 
0.005 
0.004 
0.020 
0.004 
0.004 
0.004 
0.004 
0.004 
0.005 
0.004 
0.005 
0.004 
0.004 
0.004 
0.004 
0.004 
0.006 
0.004 
0.004 
0.004 
0.004 
0.004 
0.004 
0.004 
0.005 
0.004 
0.005 
0.004 
0.005 
0.005 
0.004 
0.004 
0.004 
0.004 
0.004 
0.004 
0.004 
0.005 
