0.045 
0.093 
0.074 
0.106 
0.038 
0.028 
0.047 
0.155 
0.068 
0.119 
0.059 
0.188 
0.187 
0.052 
0.057 
0.069 
0.034 
0.036 
0.107 
0.190 
0.137 
0.033 
0.112 
0.126 
0.037 
0.144 
0.030 
0.154 
0.061 
0.124 
0.061 
0.122 
0.059 
0.056 
0.028 
0.053 
0.028 
0.033 
0.027 
0.028 
0.047 
0.054 
0.178 
0.033 
0.035 
0.072 
0.048 
0.039 
0.026 
0.143 
0.048 
0.124 
0.030 
0.050 
0.077 
0.030 
0.048 
0.032 
0.095 
0.074 
0.141 
0.069 
0.065 
0.163 
0.051 
0.048 
0.048 
0.071 
0.053 
0.034 
0.128 
0.153 
0.062 
0.060 
0.043 
0.075 
0.157 
0.089 
0.031 
0.027 
0.038 
0.027 
0.144 
0.028 
0.034 
0.118 
0.090 
0.041 
0.025 
0.034 
0.051 
0.052 
0.028 
0.039 
0.031 
0.140 
0.053 
0.194 
0.089 
0.098 
