0.043 
0.038 
0.052 
0.042 
0.049 
0.034 
0.035 
0.039 
0.036 
0.034 
0.038 
0.033 
0.037 
0.037 
0.056 
0.037 
0.036 
0.050 
0.048 
0.034 
0.071 
0.036 
0.037 
0.033 
0.035 
0.053 
0.034 
0.077 
0.059 
0.038 
0.035 
0.046 
0.036 
0.037 
0.041 
0.038 
0.053 
0.042 
0.039 
0.044 
0.038 
0.037 
0.035 
0.040 
0.037 
0.064 
0.036 
0.040 
0.048 
0.033 
0.058 
0.036 
0.037 
0.034 
0.037 
0.063 
0.039 
0.073 
0.060 
0.035 
0.036 
0.048 
0.036 
0.048 
0.053 
0.042 
0.044 
0.052 
0.034 
0.041 
0.037 
0.033 
0.037 
0.050 
0.035 
0.034 
0.034 
0.086 
0.071 
0.049 
0.035 
0.033 
0.036 
0.039 
0.036 
0.050 
0.049 
0.036 
0.035 
0.046 
0.039 
0.047 
0.036 
0.051 
0.100 
0.045 
0.034 
0.051 
0.043 
0.036 
