0.037 
0.032 
0.048 
0.037 
0.044 
0.029 
0.030 
0.035 
0.032 
0.028 
0.034 
0.028 
0.031 
0.030 
0.052 
0.034 
0.031 
0.031 
0.044 
0.030 
0.052 
0.028 
0.032 
0.027 
0.030 
0.048 
0.030 
0.074 
0.054 
0.034 
0.032 
0.043 
0.032 
0.032 
0.037 
0.034 
0.050 
0.039 
0.033 
0.040 
0.033 
0.034 
0.031 
0.032 
0.033 
0.061 
0.031 
0.033 
0.044 
0.027 
0.055 
0.031 
0.032 
0.026 
0.032 
0.059 
0.034 
0.070 
0.055 
0.030 
0.031 
0.044 
0.031 
0.044 
0.033 
0.039 
0.039 
0.048 
0.030 
0.037 
0.032 
0.029 
0.032 
0.047 
0.028 
0.029 
0.029 
0.083 
0.066 
0.046 
0.031 
0.026 
0.030 
0.035 
0.031 
0.046 
0.045 
0.032 
0.031 
0.042 
0.035 
0.042 
0.031 
0.047 
0.095 
0.041 
0.028 
0.047 
0.037 
0.033 
