0.007 
0.006 
0.005 
0.006 
0.005 
0.006 
0.005 
0.004 
0.005 
0.007 
0.004 
0.005 
0.006 
0.007 
0.005 
0.004 
0.005 
0.019 
0.004 
0.004 
0.019 
0.009 
0.005 
0.006 
0.005 
0.005 
0.005 
0.004 
0.006 
0.004 
0.004 
0.020 
0.005 
0.005 
0.005 
0.005 
0.004 
0.004 
0.007 
0.005 
0.006 
0.004 
0.005 
0.008 
0.004 
0.004 
0.005 
0.007 
0.004 
0.007 
0.004 
0.005 
0.005 
0.009 
0.005 
0.004 
0.006 
0.004 
0.006 
0.005 
0.005 
0.005 
0.006 
0.018 
0.021 
0.004 
0.005 
0.005 
0.005 
0.005 
0.005 
0.004 
0.005 
0.004 
0.007 
0.006 
0.006 
0.004 
0.006 
0.004 
0.008 
0.008 
0.006 
0.005 
0.006 
0.005 
0.005 
0.004 
0.005 
0.004 
0.005 
0.006 
0.005 
0.004 
0.005 
0.004 
0.006 
0.005 
0.007 
0.004 
