0.016 
0.029 
0.001 
0.003 
0.011 
0.009 
0.003 
0.006 
0.002 
0.011 
0.005 
0.014 
0.006 
0.005 
0.034 
0.007 
0.005 
0.052 
0.010 
0.011 
0.079 
0.007 
0.042 
0.011 
0.047 
0.007 
0.032 
0.052 
0.018 
0.077 
0.011 
0.088 
0.006 
0.019 
0.101 
0.007 
0.092 
0.005 
0.002 
0.001 
0.009 
0.007 
0.027 
0.001 
0.001 
0.001 
0.002 
0.004 
0.005 
0.015 
0.016 
0.003 
0.007 
0.012 
0.007 
0.017 
0.017 
0.000 
0.021 
0.008 
0.009 
0.092 
0.004 
0.088 
0.017 
0.080 
0.001 
0.109 
0.013 
0.011 
0.005 
0.009 
0.013 
0.001 
0.003 
0.005 
0.018 
0.050 
0.001 
0.026 
0.020 
0.013 
0.009 
0.043 
0.001 
0.003 
0.048 
0.089 
0.031 
0.011 
0.016 
0.030 
0.005 
0.005 
0.053 
0.017 
0.011 
0.027 
0.040 
0.077 
