0.394 
0.372 
0.366 
0.363 
0.376 
0.363 
0.382 
0.368 
0.415 
0.427 
0.375 
0.390 
0.408 
0.418 
0.391 
0.389 
0.414 
0.369 
0.378 
0.378 
0.373 
0.361 
0.369 
0.380 
0.386 
0.424 
0.381 
0.366 
0.390 
0.410 
0.396 
0.371 
0.406 
0.410 
0.449 
0.385 
0.384 
0.401 
0.387 
0.380 
0.387 
0.405 
0.397 
0.382 
0.366 
0.400 
0.413 
0.378 
0.393 
0.387 
0.418 
0.380 
0.386 
0.369 
0.386 
0.404 
0.402 
0.374 
0.405 
0.423 
0.396 
0.382 
0.351 
0.379 
0.371 
0.389 
0.379 
0.380 
0.371 
0.407 
0.392 
0.391 
0.387 
0.372 
0.414 
0.450 
0.397 
0.430 
0.395 
0.375 
0.374 
0.387 
0.380 
0.402 
0.391 
0.376 
0.395 
0.374 
0.379 
0.373 
0.413 
0.391 
0.386 
0.368 
0.396 
0.428 
0.394 
0.390 
0.388 
0.412 
