0.312 
0.334 
0.314 
0.291 
0.328 
0.328 
0.321 
0.296 
0.317 
0.320 
0.316 
0.322 
0.296 
0.305 
0.322 
0.316 
0.310 
0.309 
0.319 
0.305 
0.321 
0.326 
0.349 
0.360 
0.328 
0.317 
0.334 
0.335 
0.334 
0.298 
0.331 
0.321 
0.377 
0.369 
0.305 
0.322 
0.307 
0.312 
0.312 
0.314 
0.307 
0.328 
0.324 
0.342 
0.359 
0.326 
0.388 
0.332 
0.317 
0.317 
0.330 
0.309 
0.341 
0.360 
0.320 
0.299 
0.335 
0.339 
0.318 
0.317 
0.344 
0.337 
0.326 
0.310 
0.299 
0.317 
0.339 
0.302 
0.320 
0.337 
0.321 
0.329 
0.345 
0.336 
0.317 
0.325 
0.303 
0.294 
0.311 
0.320 
0.344 
0.306 
0.325 
0.354 
0.317 
0.317 
0.338 
0.320 
0.343 
0.290 
0.344 
0.324 
0.316 
0.338 
0.317 
0.301 
0.319 
0.323 
0.311 
0.368 
