0.300 
0.290 
0.286 
0.299 
0.313 
0.307 
0.309 
0.293 
0.303 
0.296 
0.327 
0.319 
0.296 
0.290 
0.305 
0.329 
0.291 
0.286 
0.272 
0.280 
0.295 
0.303 
0.306 
0.288 
0.316 
0.298 
0.264 
0.314 
0.327 
0.310 
0.310 
0.280 
0.289 
0.312 
0.322 
0.335 
0.330 
0.324 
0.323 
0.320 
0.302 
0.321 
0.298 
0.321 
0.275 
0.358 
0.315 
0.295 
0.301 
0.265 
0.282 
0.287 
0.289 
0.291 
0.296 
0.290 
0.289 
0.279 
0.317 
0.322 
0.306 
0.331 
0.289 
0.335 
0.318 
0.337 
0.305 
0.319 
0.318 
0.322 
0.343 
0.318 
0.329 
0.312 
0.309 
0.314 
0.322 
0.317 
0.301 
0.314 
0.322 
0.300 
0.318 
0.322 
0.304 
0.312 
0.318 
0.340 
0.283 
0.319 
0.315 
0.284 
0.321 
0.289 
0.307 
0.307 
0.287 
0.300 
0.294 
0.293 
