1.343 
1.497 
1.378 
1.386 
1.428 
1.337 
1.393 
1.314 
1.465 
1.300 
1.372 
1.377 
1.415 
1.452 
1.392 
1.434 
1.307 
1.401 
1.383 
1.420 
1.309 
1.375 
1.408 
1.267 
1.289 
1.388 
1.324 
1.386 
1.397 
1.305 
1.333 
1.449 
1.339 
1.427 
1.405 
1.319 
1.329 
1.303 
1.407 
1.365 
1.392 
1.272 
1.395 
1.352 
1.368 
1.303 
1.358 
1.367 
1.387 
1.469 
1.259 
1.389 
1.360 
1.340 
1.366 
1.393 
1.376 
1.469 
1.358 
1.338 
1.344 
1.277 
1.355 
1.439 
1.336 
1.396 
1.376 
1.420 
1.362 
1.407 
1.364 
1.400 
1.412 
1.499 
1.340 
1.432 
1.380 
1.420 
1.369 
1.357 
1.440 
1.429 
1.397 
1.445 
1.386 
1.376 
1.455 
1.436 
1.346 
1.481 
1.329 
1.432 
1.320 
1.368 
1.240 
1.424 
1.344 
1.462 
1.330 
1.398 
