0.315 
0.285 
0.271 
0.304 
0.268 
0.305 
0.267 
0.274 
0.277 
0.286 
0.279 
0.304 
0.266 
0.279 
0.306 
0.301 
0.264 
0.303 
0.299 
0.300 
0.308 
0.298 
0.324 
0.270 
0.293 
0.280 
0.280 
0.302 
0.311 
0.266 
0.283 
0.270 
0.269 
0.314 
0.309 
0.272 
0.302 
0.310 
0.255 
0.288 
0.277 
0.304 
0.269 
0.280 
0.286 
0.327 
0.294 
0.279 
0.287 
0.287 
0.293 
0.279 
0.287 
0.292 
0.264 
0.280 
0.291 
0.285 
0.290 
0.276 
0.295 
0.302 
0.264 
0.268 
0.290 
0.278 
0.278 
0.307 
0.328 
0.271 
0.288 
0.274 
0.306 
0.299 
0.289 
0.297 
0.270 
0.258 
0.290 
0.298 
0.313 
0.275 
0.306 
0.267 
0.290 
0.297 
0.300 
0.288 
0.304 
0.299 
0.291 
0.340 
0.298 
0.269 
0.280 
0.287 
0.276 
0.280 
0.279 
0.280 
