2.135 
0.712 
1.072 
2.004 
1.502 
1.039 
1.625 
0.864 
1.035 
1.061 
0.922 
1.130 
2.013 
1.721 
0.807 
1.162 
1.814 
1.504 
1.276 
1.476 
1.325 
1.208 
1.318 
0.941 
2.123 
0.609 
1.254 
0.821 
1.625 
1.287 
1.849 
1.532 
1.594 
1.156 
1.256 
0.873 
1.699 
0.690 
1.148 
0.960 
1.377 
0.733 
1.350 
1.968 
1.052 
0.811 
0.711 
1.386 
1.864 
1.754 
1.916 
0.959 
0.981 
1.287 
0.887 
1.584 
1.969 
2.081 
2.001 
1.381 
0.690 
1.090 
1.392 
2.226 
1.779 
2.226 
0.693 
1.409 
1.073 
1.986 
2.025 
1.180 
1.442 
1.971 
1.034 
0.893 
1.461 
1.681 
1.489 
1.217 
1.262 
1.445 
1.083 
1.817 
1.676 
1.126 
1.433 
1.534 
1.569 
1.394 
2.256 
0.456 
1.484 
0.989 
1.083 
1.240 
0.742 
0.983 
0.928 
0.739 
