1.346 
0.641 
0.699 
1.172 
1.060 
1.175 
0.662 
1.302 
0.806 
0.881 
0.308 
0.817 
0.994 
0.831 
1.951 
1.539 
1.179 
0.515 
0.747 
0.856 
0.607 
1.273 
1.218 
0.588 
0.633 
0.650 
1.055 
1.241 
0.676 
0.492 
1.062 
0.655 
0.695 
0.703 
0.721 
0.928 
1.108 
0.920 
0.525 
0.483 
0.327 
0.641 
0.769 
1.375 
1.703 
1.071 
0.802 
1.560 
0.600 
1.364 
0.602 
1.157 
0.758 
1.266 
1.354 
1.064 
0.740 
0.801 
0.785 
1.377 
0.791 
0.589 
0.569 
1.087 
0.645 
0.468 
1.045 
1.047 
0.678 
0.650 
1.197 
0.623 
0.922 
0.747 
1.008 
0.681 
0.610 
1.308 
1.299 
0.667 
1.182 
0.900 
0.860 
0.632 
1.430 
1.134 
0.340 
0.886 
0.708 
0.638 
0.755 
1.243 
0.934 
0.880 
0.985 
0.724 
0.591 
0.298 
1.463 
1.305 
