0.841 
0.964 
1.061 
1.561 
1.228 
1.525 
0.839 
1.986 
1.574 
1.665 
1.153 
1.377 
1.618 
2.298 
1.569 
1.270 
2.446 
1.307 
2.039 
1.114 
1.544 
1.196 
1.419 
1.782 
1.745 
1.858 
1.736 
1.303 
1.312 
1.672 
1.373 
1.403 
1.798 
0.809 
1.685 
1.846 
2.122 
1.549 
2.219 
1.227 
1.323 
2.351 
2.227 
1.577 
1.700 
1.692 
1.232 
2.000 
1.466 
1.636 
1.520 
1.481 
0.942 
0.986 
1.370 
2.365 
0.906 
1.451 
0.879 
1.972 
1.414 
1.172 
1.446 
1.857 
1.413 
1.434 
0.689 
1.705 
1.786 
1.394 
1.911 
1.743 
1.683 
1.789 
0.795 
1.201 
2.088 
1.388 
1.934 
2.548 
1.043 
1.061 
0.956 
1.033 
1.185 
0.772 
0.830 
0.947 
1.432 
1.981 
0.816 
1.576 
2.137 
0.851 
0.821 
1.410 
1.490 
1.240 
0.999 
1.926 
