1.190 
1.842 
2.079 
1.201 
0.967 
0.631 
1.377 
1.293 
1.391 
1.296 
1.520 
1.553 
2.192 
2.154 
1.892 
1.720 
1.424 
1.699 
1.111 
1.414 
1.704 
2.003 
1.861 
1.878 
1.488 
1.351 
1.523 
1.136 
2.110 
1.640 
1.593 
1.719 
1.000 
1.586 
1.658 
0.961 
1.449 
1.452 
1.199 
1.516 
2.116 
1.493 
2.007 
1.532 
1.472 
1.334 
2.149 
2.360 
2.031 
1.206 
1.707 
1.947 
0.976 
1.249 
1.887 
1.006 
1.737 
1.383 
2.033 
1.773 
1.178 
2.386 
2.171 
0.749 
1.998 
1.471 
1.868 
0.983 
1.747 
1.375 
1.524 
1.839 
2.222 
1.752 
1.450 
2.156 
1.030 
1.715 
1.023 
1.275 
1.196 
1.713 
1.445 
1.988 
1.738 
1.626 
0.808 
1.973 
2.005 
1.593 
1.953 
1.307 
1.993 
1.041 
1.705 
1.389 
1.685 
1.241 
1.851 
2.093 
