1.754 
1.614 
1.530 
1.356 
2.283 
1.767 
1.604 
1.406 
2.532 
1.894 
1.771 
1.376 
2.151 
1.363 
1.504 
2.579 
1.740 
1.614 
1.075 
1.556 
1.752 
1.302 
2.053 
1.258 
1.420 
1.278 
2.219 
2.217 
1.373 
1.470 
1.857 
2.070 
1.016 
1.791 
1.873 
2.340 
1.674 
1.707 
2.400 
1.863 
1.723 
1.377 
1.842 
1.440 
2.482 
1.475 
1.504 
1.575 
2.062 
1.865 
1.847 
2.148 
1.934 
1.511 
2.177 
1.722 
1.626 
2.469 
1.297 
1.664 
1.468 
2.513 
1.560 
1.414 
2.632 
2.598 
2.367 
2.209 
2.543 
1.493 
1.581 
1.818 
2.279 
1.755 
2.466 
2.332 
1.835 
1.718 
1.466 
1.956 
1.577 
2.461 
1.911 
1.935 
1.856 
1.791 
2.404 
1.139 
1.507 
1.371 
1.091 
2.080 
2.161 
2.020 
2.226 
1.243 
1.284 
2.187 
2.634 
1.597 
