1.280 
0.433 
0.212 
0.664 
0.390 
0.551 
0.651 
0.459 
0.905 
0.460 
0.895 
0.812 
0.347 
0.301 
0.827 
1.149 
1.099 
0.835 
0.583 
0.669 
0.600 
0.267 
0.256 
0.387 
0.669 
0.526 
0.503 
0.808 
1.264 
0.439 
0.185 
1.061 
0.539 
1.583 
0.500 
0.998 
0.816 
1.341 
0.240 
1.313 
0.775 
0.970 
0.520 
0.658 
0.782 
0.499 
0.166 
0.358 
0.921 
1.041 
0.680 
0.864 
0.699 
0.966 
0.759 
1.151 
0.198 
0.624 
0.306 
0.750 
0.548 
0.174 
1.178 
0.589 
0.606 
0.586 
1.233 
0.826 
0.947 
1.049 
1.302 
0.896 
0.601 
0.640 
1.641 
0.527 
0.369 
0.906 
0.529 
0.731 
0.252 
0.747 
1.425 
0.728 
0.836 
0.551 
1.141 
1.201 
0.139 
1.134 
0.284 
0.444 
0.703 
0.786 
0.662 
0.276 
0.461 
1.086 
0.511 
0.278 
