1.229 
0.779 
1.097 
1.022 
0.672 
1.102 
1.052 
0.250 
0.533 
0.467 
0.886 
1.094 
1.072 
0.794 
0.823 
0.343 
1.632 
0.370 
0.956 
0.701 
1.349 
0.371 
0.777 
1.570 
1.001 
0.862 
0.706 
0.795 
0.325 
0.480 
0.331 
0.459 
0.445 
0.177 
0.622 
0.584 
0.450 
0.886 
0.735 
0.245 
0.257 
0.550 
0.630 
0.726 
0.936 
0.302 
0.519 
0.432 
0.478 
0.282 
0.810 
0.285 
0.370 
0.328 
0.650 
0.678 
1.475 
0.509 
0.532 
0.649 
0.542 
0.650 
0.182 
0.149 
0.461 
0.477 
0.570 
0.471 
0.617 
0.438 
1.540 
0.316 
0.186 
1.036 
0.211 
0.416 
0.897 
0.696 
0.315 
1.065 
0.899 
1.088 
0.782 
0.612 
0.687 
0.523 
0.414 
0.942 
0.690 
0.571 
0.749 
0.411 
1.128 
0.386 
0.699 
0.159 
1.105 
0.694 
0.585 
0.720 
