0.378 
0.393 
0.389 
0.399 
0.377 
0.393 
0.398 
0.377 
0.392 
0.405 
0.398 
0.387 
0.430 
0.390 
0.397 
0.377 
0.397 
0.378 
0.394 
0.407 
0.394 
0.400 
0.379 
0.395 
0.379 
0.395 
0.383 
0.388 
0.435 
0.467 
0.393 
0.391 
0.382 
0.405 
0.372 
0.387 
0.390 
0.386 
0.381 
0.387 
0.363 
0.367 
0.373 
0.400 
0.416 
0.374 
0.369 
0.370 
0.391 
0.384 
0.388 
0.393 
0.375 
0.442 
0.405 
0.455 
0.396 
0.391 
0.412 
0.395 
0.413 
0.396 
0.385 
0.418 
0.397 
0.385 
0.414 
0.400 
0.378 
0.363 
0.381 
0.385 
0.381 
0.387 
0.395 
0.380 
0.445 
0.442 
0.413 
0.395 
0.397 
0.381 
0.411 
0.394 
0.376 
0.370 
0.370 
0.408 
0.379 
0.385 
0.395 
0.394 
0.384 
0.382 
0.389 
0.382 
0.385 
0.370 
0.372 
0.380 
