0.395 
0.373 
0.388 
0.383 
0.398 
0.377 
0.383 
0.384 
0.389 
0.390 
0.385 
0.389 
0.407 
0.374 
0.385 
0.401 
0.424 
0.419 
0.412 
0.410 
0.391 
0.403 
0.388 
0.398 
0.385 
0.395 
0.411 
0.390 
0.386 
0.379 
0.384 
0.360 
0.397 
0.377 
0.377 
0.392 
0.383 
0.422 
0.397 
0.367 
0.408 
0.382 
0.403 
0.380 
0.373 
0.452 
0.431 
0.410 
0.375 
0.388 
0.368 
0.366 
0.371 
0.381 
0.395 
0.400 
0.380 
0.391 
0.402 
0.397 
0.401 
0.375 
0.370 
0.400 
0.398 
0.384 
0.412 
0.390 
0.407 
0.394 
0.400 
0.413 
0.379 
0.376 
0.414 
0.447 
0.376 
0.396 
0.382 
0.372 
0.395 
0.386 
0.373 
0.382 
0.375 
0.437 
0.387 
0.374 
0.400 
0.393 
0.386 
0.383 
0.399 
0.401 
0.377 
0.403 
0.383 
0.367 
0.423 
0.375 
