0.386 
0.338 
0.325 
0.316 
0.308 
0.321 
0.309 
0.321 
0.325 
0.301 
0.314 
0.322 
0.320 
0.308 
0.311 
0.318 
0.316 
0.310 
0.333 
0.325 
0.314 
0.311 
0.323 
0.309 
0.323 
0.321 
0.320 
0.295 
0.338 
0.319 
0.321 
0.348 
0.311 
0.299 
0.297 
0.327 
0.317 
0.336 
0.312 
0.327 
0.320 
0.309 
0.310 
0.335 
0.326 
0.330 
0.316 
0.334 
0.330 
0.335 
0.316 
0.329 
0.301 
0.316 
0.313 
0.317 
0.307 
0.323 
0.334 
0.327 
0.312 
0.327 
0.317 
0.306 
0.312 
0.324 
0.321 
0.333 
0.317 
0.316 
0.327 
0.328 
0.317 
0.321 
0.307 
0.317 
0.300 
0.314 
0.331 
0.329 
0.349 
0.333 
0.340 
0.349 
0.348 
0.329 
0.333 
0.352 
0.334 
0.332 
0.314 
0.328 
0.314 
0.317 
0.352 
0.310 
0.330 
0.321 
0.351 
0.327 
