0.324 
0.332 
0.337 
0.346 
0.315 
0.314 
0.318 
0.338 
0.329 
0.332 
0.329 
0.300 
0.347 
0.327 
0.306 
0.307 
0.320 
0.301 
0.294 
0.339 
0.320 
0.357 
0.322 
0.318 
0.323 
0.341 
0.302 
0.357 
0.349 
0.335 
0.344 
0.321 
0.336 
0.328 
0.307 
0.316 
0.340 
0.305 
0.336 
0.363 
0.343 
0.303 
0.352 
0.300 
0.365 
0.309 
0.315 
0.346 
0.383 
0.328 
0.361 
0.338 
0.332 
0.314 
0.306 
0.323 
0.308 
0.309 
0.307 
0.318 
0.332 
0.312 
0.305 
0.331 
0.313 
0.337 
0.360 
0.354 
0.334 
0.312 
0.317 
0.311 
0.326 
0.323 
0.329 
0.317 
0.325 
0.310 
0.304 
0.330 
0.375 
0.346 
0.330 
0.334 
0.352 
0.342 
0.336 
0.323 
0.325 
0.339 
0.324 
0.328 
0.328 
0.325 
0.345 
0.337 
0.348 
0.324 
0.308 
0.350 
