0.825 
0.809 
0.765 
0.767 
0.755 
0.820 
0.751 
0.692 
0.728 
0.836 
0.872 
0.765 
0.815 
0.691 
0.715 
0.853 
0.818 
0.765 
0.771 
0.716 
0.748 
0.781 
0.740 
0.693 
0.703 
0.801 
0.825 
0.699 
0.745 
0.742 
0.768 
0.826 
0.709 
0.789 
0.820 
0.744 
0.799 
0.803 
0.821 
0.824 
0.750 
0.722 
0.772 
0.772 
0.808 
0.740 
0.808 
0.645 
0.746 
0.811 
0.847 
0.764 
0.841 
0.813 
0.740 
0.834 
0.656 
0.743 
0.682 
0.782 
0.744 
0.884 
0.789 
0.703 
0.748 
0.710 
0.763 
0.772 
0.855 
0.689 
0.692 
0.777 
0.710 
0.706 
0.878 
0.783 
0.750 
0.848 
0.708 
0.757 
0.846 
0.781 
0.816 
0.891 
0.756 
0.791 
0.760 
0.721 
0.748 
0.780 
0.736 
0.692 
0.776 
0.700 
0.714 
0.830 
0.783 
0.813 
0.708 
0.760 
