0.520 
0.534 
0.550 
0.568 
0.614 
0.703 
0.665 
0.665 
0.716 
0.760 
0.781 
0.778 
0.783 
0.807 
0.818 
0.819 
0.813 
0.824 
0.837 
0.842 
0.841 
0.842 
0.848 
0.855 
0.857 
0.856 
0.856 
0.860 
0.864 
0.866 
0.866 
0.865 
0.867 
0.869 
0.870 
0.870 
0.870 
0.871 
0.873 
0.874 
0.874 
0.874 
0.874 
0.875 
0.876 
0.877 
0.877 
0.877 
0.878 
0.879 
0.879 
0.879 
0.879 
0.878 
0.879 
0.879 
0.879 
0.879 
0.879 
0.879 
0.880 
0.881 
0.881 
0.881 
0.881 
0.881 
0.882 
0.882 
0.882 
0.882 
0.882 
0.882 
0.883 
0.883 
0.883 
0.883 
0.883 
0.883 
0.883 
0.883 
0.882 
0.882 
0.882 
0.882 
0.883 
0.883 
0.883 
0.883 
0.883 
0.883 
0.883 
0.883 
0.883 
0.883 
0.882 
0.882 
0.883 
0.883 
0.883 
0.884 
