0.099 
0.036 
0.037 
0.116 
0.032 
0.048 
0.033 
0.078 
0.033 
0.049 
0.055 
0.059 
0.051 
0.074 
0.033 
0.060 
0.032 
0.031 
0.050 
0.075 
0.031 
0.042 
0.071 
0.063 
0.046 
0.126 
0.043 
0.041 
0.039 
0.056 
0.130 
0.131 
0.085 
0.032 
0.039 
0.053 
0.108 
0.037 
0.039 
0.076 
0.039 
0.038 
0.059 
0.032 
0.040 
0.030 
0.033 
0.049 
0.050 
0.056 
0.188 
0.056 
0.060 
0.037 
0.062 
0.038 
0.167 
0.031 
0.052 
0.139 
0.042 
0.162 
0.031 
0.103 
0.044 
0.029 
0.045 
0.033 
0.037 
0.039 
0.035 
0.156 
0.045 
0.027 
0.034 
0.034 
0.040 
0.030 
0.056 
0.030 
0.035 
0.060 
0.107 
0.035 
0.096 
0.031 
0.105 
0.039 
0.035 
0.041 
0.034 
0.034 
0.046 
0.030 
0.041 
0.049 
0.117 
0.044 
0.035 
0.075 
