0.144 
0.179 
0.205 
0.079 
0.076 
0.178 
0.207 
0.082 
0.236 
0.059 
0.071 
0.158 
0.122 
0.280 
0.113 
0.148 
0.160 
0.150 
0.206 
0.119 
0.135 
0.223 
0.156 
0.153 
0.108 
0.139 
0.112 
0.194 
0.065 
0.083 
0.124 
0.056 
0.189 
0.124 
0.126 
0.128 
0.150 
0.128 
0.130 
0.056 
0.215 
0.112 
0.080 
0.149 
0.112 
0.121 
0.139 
0.160 
0.115 
0.138 
0.112 
0.126 
0.118 
0.088 
0.158 
0.129 
0.149 
0.055 
0.141 
0.172 
0.091 
0.144 
0.131 
0.094 
0.133 
0.090 
0.084 
0.189 
0.112 
0.271 
0.204 
0.171 
0.201 
0.075 
0.109 
0.116 
0.074 
0.205 
0.303 
0.130 
0.145 
0.179 
0.205 
0.143 
0.183 
0.070 
0.096 
0.135 
0.092 
0.172 
0.145 
0.119 
0.131 
0.130 
0.128 
0.094 
0.100 
0.128 
0.120 
0.147 
