0.061 
0.046 
0.039 
0.183 
0.044 
0.029 
0.035 
0.061 
0.043 
0.041 
0.056 
0.031 
0.053 
0.045 
0.034 
0.031 
0.033 
0.031 
0.043 
0.061 
0.054 
0.075 
0.037 
0.033 
0.060 
0.039 
0.036 
0.040 
0.047 
0.054 
0.033 
0.031 
0.034 
0.038 
0.031 
0.028 
0.036 
0.037 
0.033 
0.053 
0.036 
0.036 
0.034 
0.038 
0.043 
0.033 
0.044 
0.031 
0.032 
0.052 
0.089 
0.037 
0.034 
0.033 
0.036 
0.057 
0.038 
0.040 
0.034 
0.038 
0.065 
0.051 
0.044 
0.037 
0.048 
0.044 
0.038 
0.032 
0.036 
0.037 
0.034 
0.060 
0.030 
0.032 
0.100 
0.043 
0.038 
0.038 
0.034 
0.052 
0.036 
0.045 
0.051 
0.044 
0.032 
0.035 
0.037 
0.064 
0.038 
0.030 
0.035 
0.056 
0.043 
0.045 
0.043 
0.048 
0.034 
0.040 
0.048 
0.046 
