0.076 
0.076 
0.058 
0.050 
0.078 
0.058 
0.049 
0.207 
0.066 
0.031 
0.071 
0.087 
0.042 
0.126 
0.085 
0.128 
0.035 
0.070 
0.054 
0.059 
0.037 
0.046 
0.040 
0.048 
0.050 
0.032 
0.034 
0.033 
0.041 
0.029 
0.047 
0.090 
0.040 
0.043 
0.050 
0.085 
0.053 
0.052 
0.032 
0.036 
0.036 
0.057 
0.031 
0.035 
0.190 
0.053 
0.051 
0.033 
0.050 
0.033 
0.050 
0.037 
0.046 
0.030 
0.093 
0.039 
0.031 
0.071 
0.038 
0.055 
0.058 
0.047 
0.053 
0.110 
0.053 
0.064 
0.069 
0.034 
0.036 
0.047 
0.227 
0.139 
0.054 
0.029 
0.062 
0.030 
0.037 
0.042 
0.038 
0.056 
0.034 
0.030 
0.042 
0.057 
0.067 
0.033 
0.032 
0.084 
0.073 
0.054 
0.067 
0.052 
0.043 
0.090 
0.041 
0.050 
0.050 
0.089 
0.072 
0.055 
