0.213 
0.100 
0.301 
0.185 
0.104 
0.184 
0.135 
0.199 
0.170 
0.202 
0.130 
0.196 
0.180 
0.235 
0.221 
0.360 
0.151 
0.161 
0.162 
0.068 
0.205 
0.132 
0.075 
0.161 
0.168 
0.129 
0.272 
0.239 
0.187 
0.206 
0.357 
0.151 
0.139 
0.235 
0.081 
0.143 
0.262 
0.276 
0.117 
0.052 
0.123 
0.121 
0.059 
0.144 
0.234 
0.080 
0.156 
0.060 
0.090 
0.178 
0.097 
0.237 
0.083 
0.103 
0.156 
0.102 
0.173 
0.220 
0.179 
0.083 
0.110 
0.105 
0.134 
0.463 
0.187 
0.232 
0.177 
0.176 
0.152 
0.115 
0.211 
0.174 
0.122 
0.156 
0.060 
0.034 
0.072 
0.226 
0.363 
0.318 
0.079 
0.136 
0.121 
0.199 
0.235 
0.097 
0.134 
0.127 
0.268 
0.109 
0.262 
0.296 
0.192 
0.207 
0.233 
0.169 
0.174 
0.351 
0.157 
0.153 
