0.044 
0.047 
0.031 
0.119 
0.125 
0.032 
0.154 
0.066 
0.051 
0.073 
0.050 
0.041 
0.083 
0.054 
0.044 
0.096 
0.124 
0.035 
0.154 
0.052 
0.137 
0.069 
0.030 
0.032 
0.029 
0.032 
0.032 
0.031 
0.030 
0.095 
0.126 
0.034 
0.170 
0.032 
0.143 
0.070 
0.047 
0.031 
0.042 
0.033 
0.090 
0.054 
0.058 
0.083 
0.124 
0.034 
0.147 
0.105 
0.049 
0.042 
0.129 
0.071 
0.055 
0.127 
0.099 
0.045 
0.066 
0.077 
0.160 
0.112 
0.102 
0.095 
0.032 
0.041 
0.126 
0.111 
0.041 
0.131 
0.164 
0.092 
0.040 
0.040 
0.106 
0.039 
0.041 
0.073 
0.041 
0.038 
0.033 
0.066 
0.070 
0.036 
0.030 
0.031 
0.031 
0.045 
0.093 
0.034 
0.031 
0.186 
0.064 
0.052 
0.105 
0.034 
0.030 
0.111 
0.035 
0.036 
0.030 
0.029 
