0.049 
0.041 
0.052 
0.032 
0.064 
0.031 
0.040 
0.046 
0.042 
0.033 
0.034 
0.036 
0.032 
0.033 
0.034 
0.048 
0.032 
0.035 
0.055 
0.045 
0.052 
0.052 
0.117 
0.040 
0.035 
0.049 
0.035 
0.040 
0.037 
0.039 
0.044 
0.032 
0.052 
0.032 
0.034 
0.053 
0.048 
0.047 
0.052 
0.033 
0.042 
0.031 
0.039 
0.033 
0.046 
0.039 
0.123 
0.032 
0.052 
0.032 
0.044 
0.034 
0.048 
0.038 
0.067 
0.040 
0.054 
0.033 
0.040 
0.060 
0.041 
0.039 
0.043 
0.030 
0.048 
0.032 
0.044 
0.118 
0.038 
0.048 
0.049 
0.059 
0.037 
0.035 
0.168 
0.034 
0.035 
0.036 
0.045 
0.033 
0.045 
0.035 
0.030 
0.041 
0.035 
0.033 
0.036 
0.034 
0.043 
0.050 
0.041 
0.045 
0.054 
0.033 
0.078 
0.031 
0.046 
0.032 
0.033 
0.036 
