2.092 
2.173 
2.223 
2.157 
2.257 
2.163 
2.252 
2.112 
2.227 
2.158 
2.151 
2.132 
2.139 
2.116 
2.227 
2.229 
2.076 
2.245 
2.067 
2.132 
2.167 
2.245 
2.175 
2.205 
2.127 
2.210 
2.206 
2.161 
2.063 
2.042 
2.100 
2.193 
2.174 
2.191 
2.263 
2.189 
2.192 
2.228 
2.243 
2.219 
2.203 
2.113 
2.286 
2.096 
2.240 
2.120 
2.081 
2.187 
2.184 
2.184 
2.072 
2.164 
2.136 
2.197 
2.251 
2.168 
2.177 
2.171 
2.208 
2.206 
2.218 
2.096 
2.137 
2.071 
2.082 
2.277 
2.152 
2.153 
2.083 
2.135 
2.174 
2.115 
2.040 
2.052 
2.216 
2.203 
2.057 
2.184 
2.204 
2.180 
2.059 
2.132 
2.052 
2.128 
2.124 
2.236 
2.068 
2.228 
2.152 
2.066 
2.180 
2.221 
2.203 
2.082 
2.130 
2.056 
2.208 
2.140 
2.184 
2.193 
