0.270 
0.321 
0.413 
0.272 
0.284 
0.398 
0.332 
0.306 
0.248 
0.350 
0.327 
0.254 
0.326 
0.337 
0.318 
0.274 
0.261 
0.329 
0.301 
0.336 
0.356 
0.404 
0.279 
0.259 
0.318 
0.432 
0.335 
0.333 
0.338 
0.365 
0.265 
0.308 
0.276 
0.276 
0.329 
0.316 
0.373 
0.322 
0.317 
0.296 
0.332 
0.298 
0.398 
0.286 
0.378 
0.288 
0.365 
0.274 
0.276 
0.287 
0.337 
0.296 
0.411 
0.280 
0.364 
0.368 
0.301 
0.317 
0.298 
0.432 
0.340 
0.376 
0.359 
0.387 
0.370 
0.313 
0.403 
0.311 
0.271 
0.387 
0.275 
0.329 
0.310 
0.393 
0.314 
0.302 
0.340 
0.303 
0.340 
0.376 
0.333 
0.382 
0.340 
0.291 
0.330 
0.340 
0.292 
0.320 
0.368 
0.389 
0.326 
0.316 
0.353 
0.387 
0.246 
0.363 
0.260 
0.328 
0.341 
0.274 
