0.281 
0.278 
0.311 
0.283 
0.271 
0.321 
0.272 
0.273 
0.243 
0.300 
0.282 
0.292 
0.296 
0.295 
0.299 
0.317 
0.277 
0.272 
0.297 
0.321 
0.320 
0.312 
0.265 
0.320 
0.314 
0.319 
0.293 
0.255 
0.298 
0.305 
0.296 
0.281 
0.282 
0.308 
0.306 
0.271 
0.305 
0.278 
0.316 
0.269 
0.308 
0.265 
0.275 
0.289 
0.278 
0.303 
0.305 
0.292 
0.320 
0.316 
0.286 
0.307 
0.282 
0.295 
0.322 
0.291 
0.289 
0.298 
0.284 
0.300 
0.337 
0.274 
0.271 
0.304 
0.278 
0.290 
0.295 
0.287 
0.270 
0.292 
0.265 
0.302 
0.314 
0.269 
0.307 
0.299 
0.290 
0.352 
0.287 
0.283 
0.292 
0.321 
0.288 
0.287 
0.293 
0.266 
0.293 
0.275 
0.324 
0.298 
0.324 
0.281 
0.311 
0.334 
0.304 
0.274 
0.273 
0.284 
0.284 
0.295 
