0.302 
0.309 
0.312 
0.317 
0.337 
0.294 
0.280 
0.273 
0.292 
0.274 
0.318 
0.312 
0.290 
0.256 
0.286 
0.309 
0.313 
0.300 
0.288 
0.279 
0.294 
0.291 
0.307 
0.283 
0.294 
0.300 
0.295 
0.302 
0.290 
0.287 
0.283 
0.312 
0.280 
0.309 
0.284 
0.286 
0.330 
0.280 
0.287 
0.277 
0.303 
0.303 
0.314 
0.283 
0.284 
0.302 
0.302 
0.298 
0.313 
0.286 
0.285 
0.278 
0.281 
0.289 
0.294 
0.289 
0.285 
0.307 
0.296 
0.297 
0.300 
0.294 
0.303 
0.303 
0.306 
0.339 
0.298 
0.301 
0.337 
0.273 
0.285 
0.282 
0.294 
0.293 
0.314 
0.321 
0.287 
0.328 
0.305 
0.273 
0.292 
0.293 
0.267 
0.296 
0.283 
0.270 
0.303 
0.270 
0.302 
0.272 
0.263 
0.326 
0.293 
0.292 
0.339 
0.312 
0.295 
0.288 
0.324 
0.300 
