0.022 
0.020 
0.048 
0.059 
0.104 
0.077 
0.091 
0.067 
0.069 
0.068 
0.068 
0.074 
0.084 
0.017 
0.016 
0.075 
0.084 
0.081 
0.080 
0.066 
0.040 
0.040 
0.067 
0.080 
0.080 
0.088 
0.056 
0.054 
0.094 
0.073 
0.080 
0.081 
0.066 
0.070 
0.068 
0.082 
0.080 
0.084 
0.068 
0.070 
0.081 
0.053 
0.093 
0.081 
0.061 
0.073 
0.080 
0.078 
0.077 
0.078 
0.077 
0.080 
0.077 
0.076 
0.050 
0.063 
0.068 
0.068 
0.068 
0.089 
0.043 
0.044 
0.076 
0.080 
0.080 
0.076 
0.080 
0.051 
0.093 
0.043 
0.040 
0.061 
0.052 
0.069 
0.041 
0.043 
0.042 
0.081 
0.080 
0.020 
0.028 
0.046 
0.047 
0.072 
0.081 
0.056 
0.056 
0.056 
0.065 
0.072 
0.067 
0.069 
0.064 
0.068 
0.069 
0.072 
0.066 
0.066 
0.082 
0.059 
