0.208 
0.206 
0.205 
0.205 
0.204 
0.205 
0.206 
0.204 
0.206 
0.204 
0.205 
0.205 
0.205 
0.205 
0.204 
0.206 
0.206 
0.205 
0.204 
0.205 
0.204 
0.205 
0.206 
0.204 
0.204 
0.204 
0.205 
0.204 
0.205 
0.204 
0.205 
0.204 
0.207 
0.204 
0.205 
0.205 
0.206 
0.206 
0.205 
0.205 
0.207 
0.206 
0.205 
0.206 
0.205 
0.205 
0.206 
0.204 
0.204 
0.205 
0.204 
0.206 
0.206 
0.204 
0.206 
0.204 
0.206 
0.206 
0.204 
0.204 
0.204 
0.206 
0.206 
0.204 
0.205 
0.206 
0.206 
0.204 
0.206 
0.204 
0.205 
0.204 
0.205 
0.204 
0.206 
0.204 
0.205 
0.204 
0.206 
0.204 
0.204 
0.204 
0.204 
0.204 
0.205 
0.203 
0.204 
0.204 
0.205 
0.205 
0.205 
0.204 
0.204 
0.206 
0.203 
0.205 
0.206 
0.205 
0.203 
0.205 
