0.306 
0.293 
0.330 
0.314 
0.360 
0.334 
0.384 
0.306 
0.325 
0.314 
0.380 
0.320 
0.345 
0.354 
0.349 
0.316 
0.339 
0.312 
0.313 
0.319 
0.316 
0.309 
0.284 
0.312 
0.377 
0.304 
0.319 
0.327 
0.299 
0.308 
0.303 
0.336 
0.324 
0.322 
0.309 
0.301 
0.302 
0.327 
0.307 
0.309 
0.312 
0.301 
0.319 
0.322 
0.301 
0.310 
0.321 
0.353 
0.330 
0.330 
0.301 
0.315 
0.333 
0.306 
0.314 
0.321 
0.330 
0.319 
0.307 
0.291 
0.309 
0.344 
0.313 
0.301 
0.319 
0.298 
0.328 
0.342 
0.336 
0.332 
0.348 
0.331 
0.314 
0.338 
0.334 
0.321 
0.351 
0.360 
0.348 
0.308 
0.353 
0.292 
0.360 
0.311 
0.300 
0.308 
0.326 
0.353 
0.337 
0.310 
0.355 
0.306 
0.302 
0.304 
0.300 
0.307 
0.310 
0.337 
0.312 
0.300 
