0.331 
0.271 
0.305 
0.277 
0.293 
0.289 
0.358 
0.291 
0.303 
0.281 
0.300 
0.321 
0.312 
0.360 
0.311 
0.295 
0.313 
0.290 
0.295 
0.300 
0.285 
0.296 
0.321 
0.300 
0.274 
0.271 
0.281 
0.285 
0.284 
0.285 
0.283 
0.302 
0.318 
0.296 
0.324 
0.295 
0.307 
0.322 
0.270 
0.303 
0.281 
0.268 
0.292 
0.277 
0.260 
0.311 
0.294 
0.285 
0.304 
0.288 
0.295 
0.293 
0.284 
0.308 
0.258 
0.316 
0.340 
0.270 
0.326 
0.291 
0.296 
0.294 
0.303 
0.293 
0.339 
0.279 
0.267 
0.324 
0.280 
0.287 
0.325 
0.335 
0.275 
0.259 
0.287 
0.328 
0.267 
0.285 
0.305 
0.250 
0.279 
0.309 
0.317 
0.327 
0.290 
0.295 
0.288 
0.300 
0.289 
0.323 
0.313 
0.308 
0.307 
0.281 
0.293 
0.298 
0.275 
0.277 
0.305 
0.291 
