3.728 
3.645 
3.639 
3.654 
3.716 
3.575 
3.600 
3.579 
3.677 
3.556 
3.755 
3.668 
3.631 
3.677 
3.716 
3.840 
3.580 
3.712 
3.579 
3.689 
3.737 
3.744 
3.562 
3.708 
3.657 
3.623 
3.684 
3.709 
3.718 
3.721 
3.669 
3.774 
3.612 
3.617 
3.572 
3.755 
3.701 
3.700 
3.569 
3.535 
3.552 
3.604 
3.628 
3.704 
3.607 
3.610 
3.566 
3.756 
3.748 
3.673 
3.662 
3.735 
3.593 
3.656 
3.600 
3.668 
3.560 
3.752 
3.612 
3.588 
3.680 
3.716 
3.581 
3.585 
3.672 
3.721 
3.634 
3.663 
3.700 
3.564 
3.648 
3.580 
3.584 
3.682 
3.730 
3.584 
3.752 
3.615 
3.530 
3.598 
3.606 
3.593 
3.741 
3.700 
3.676 
3.632 
3.620 
3.730 
3.726 
3.735 
3.666 
3.569 
3.577 
3.651 
3.603 
3.740 
3.566 
3.730 
3.548 
3.709 
