0.315 
0.313 
0.325 
0.347 
0.339 
0.315 
0.303 
0.320 
0.368 
0.304 
0.335 
0.319 
0.370 
0.321 
0.310 
0.312 
0.340 
0.294 
0.332 
0.300 
0.332 
0.312 
0.318 
0.289 
0.305 
0.294 
0.296 
0.286 
0.328 
0.308 
0.308 
0.317 
0.335 
0.298 
0.304 
0.279 
0.319 
0.295 
0.341 
0.310 
0.318 
0.305 
0.332 
0.310 
0.297 
0.338 
0.326 
0.361 
0.329 
0.311 
0.341 
0.322 
0.324 
0.368 
0.327 
0.328 
0.350 
0.326 
0.312 
0.323 
0.339 
0.332 
0.305 
0.318 
0.302 
0.335 
0.334 
0.352 
0.320 
0.305 
0.326 
0.324 
0.339 
0.335 
0.326 
0.332 
0.345 
0.334 
0.297 
0.316 
0.304 
0.315 
0.296 
0.286 
0.328 
0.309 
0.334 
0.324 
0.314 
0.305 
0.314 
0.311 
0.320 
0.314 
0.326 
0.295 
0.317 
0.326 
0.323 
0.312 
