0.381 
0.364 
0.349 
0.355 
0.340 
0.396 
0.372 
0.333 
0.374 
0.356 
0.363 
0.343 
0.351 
0.337 
0.350 
0.364 
0.352 
0.371 
0.346 
0.350 
0.344 
0.354 
0.344 
0.332 
0.367 
0.336 
0.332 
0.374 
0.331 
0.367 
0.393 
0.348 
0.328 
0.378 
0.340 
0.354 
0.356 
0.320 
0.359 
0.389 
0.350 
0.350 
0.354 
0.352 
0.341 
0.333 
0.361 
0.360 
0.352 
0.323 
0.343 
0.358 
0.387 
0.384 
0.339 
0.360 
0.361 
0.356 
0.344 
0.344 
0.358 
0.325 
0.344 
0.394 
0.345 
0.338 
0.329 
0.343 
0.354 
0.355 
0.346 
0.332 
0.365 
0.360 
0.343 
0.341 
0.332 
0.362 
0.350 
0.371 
0.360 
0.383 
0.335 
0.344 
0.352 
0.353 
0.340 
0.350 
0.339 
0.340 
0.336 
0.340 
0.343 
0.336 
0.348 
0.349 
0.355 
0.380 
0.355 
0.383 
