0.211 
0.065 
0.044 
0.309 
0.234 
0.063 
0.076 
0.305 
0.116 
0.086 
0.369 
0.047 
0.155 
0.102 
0.075 
0.091 
0.166 
0.153 
0.114 
0.186 
0.176 
0.166 
0.168 
0.097 
0.110 
0.037 
0.079 
0.070 
0.099 
0.147 
0.113 
0.327 
0.220 
0.242 
0.050 
0.084 
0.197 
0.115 
0.094 
0.190 
0.206 
0.170 
0.102 
0.110 
0.050 
0.101 
0.182 
0.217 
0.082 
0.150 
0.139 
0.083 
0.066 
0.102 
0.087 
0.071 
0.231 
0.296 
0.179 
0.278 
0.223 
0.160 
0.302 
0.082 
0.132 
0.073 
0.074 
0.162 
0.146 
0.122 
0.114 
0.115 
0.242 
0.157 
0.103 
0.171 
0.194 
0.131 
0.348 
0.309 
0.113 
0.168 
0.130 
0.589 
0.036 
0.193 
0.136 
0.190 
0.183 
0.071 
0.319 
0.101 
0.071 
0.035 
0.217 
0.229 
0.425 
0.122 
0.159 
0.243 
