0.093 
0.073 
0.095 
0.091 
0.186 
0.064 
0.103 
0.206 
0.095 
0.028 
0.061 
0.032 
0.127 
0.330 
0.163 
0.042 
0.202 
0.081 
0.022 
0.170 
0.047 
0.033 
0.212 
0.282 
0.115 
0.052 
0.069 
0.048 
0.087 
0.082 
0.161 
0.238 
0.419 
0.083 
0.420 
0.111 
0.083 
0.356 
0.072 
0.150 
0.272 
0.110 
0.032 
0.591 
0.199 
0.139 
0.070 
0.100 
0.043 
0.225 
0.082 
0.139 
0.105 
0.028 
0.154 
0.353 
0.213 
0.020 
0.083 
0.043 
0.302 
0.055 
0.081 
0.054 
0.034 
0.205 
0.101 
0.138 
0.124 
0.360 
0.049 
0.215 
0.051 
0.182 
0.035 
0.033 
0.034 
0.045 
0.053 
0.182 
0.123 
0.058 
0.205 
0.145 
0.082 
0.085 
0.155 
0.102 
0.066 
0.061 
0.091 
0.178 
0.151 
0.083 
0.121 
0.161 
0.041 
0.018 
0.162 
0.091 
