0.275 
0.323 
0.340 
0.310 
0.327 
0.403 
0.378 
0.396 
0.425 
0.322 
0.311 
0.247 
0.574 
0.434 
0.291 
0.406 
0.594 
0.237 
0.225 
0.346 
0.352 
0.518 
0.283 
0.214 
0.266 
0.422 
0.394 
0.282 
0.126 
0.166 
0.361 
0.681 
0.312 
0.467 
0.646 
0.322 
0.179 
0.369 
0.870 
0.486 
0.399 
0.234 
0.295 
0.206 
0.432 
0.278 
0.238 
0.434 
0.414 
0.053 
0.259 
0.435 
0.193 
0.161 
0.309 
0.391 
0.275 
0.270 
0.464 
0.294 
0.208 
0.215 
0.423 
0.302 
0.190 
0.547 
0.527 
0.373 
0.118 
0.323 
0.487 
0.372 
0.340 
0.499 
0.306 
0.434 
0.323 
0.399 
0.382 
0.379 
0.331 
0.351 
0.417 
0.479 
0.110 
0.081 
0.219 
0.466 
0.331 
0.399 
0.326 
0.466 
0.370 
0.456 
0.287 
0.242 
0.398 
0.377 
0.725 
0.602 
