0.379 
0.282 
0.734 
0.466 
0.304 
0.551 
0.209 
0.422 
0.564 
0.574 
0.244 
0.496 
0.505 
0.407 
0.294 
0.630 
0.385 
0.378 
0.306 
0.442 
0.483 
0.178 
0.346 
0.150 
0.521 
0.141 
0.566 
0.386 
0.453 
0.237 
0.230 
0.226 
0.233 
0.178 
0.624 
0.331 
0.215 
0.178 
0.216 
0.333 
0.208 
0.472 
0.274 
0.174 
0.714 
0.590 
0.281 
0.662 
0.554 
0.398 
0.289 
0.307 
0.364 
0.792 
0.245 
0.495 
0.195 
0.483 
0.206 
0.444 
0.475 
0.174 
0.378 
0.525 
0.839 
0.227 
0.352 
0.150 
0.334 
0.696 
0.405 
0.199 
0.605 
0.183 
0.422 
0.607 
0.414 
0.374 
0.601 
0.470 
0.913 
0.278 
0.327 
0.335 
0.394 
0.305 
0.626 
0.338 
0.273 
0.623 
0.147 
0.310 
0.447 
0.390 
0.218 
0.404 
0.265 
0.472 
0.250 
0.393 
