0.552 
0.235 
0.111 
0.458 
0.384 
0.327 
0.415 
0.444 
0.515 
0.324 
0.779 
0.504 
0.671 
0.115 
0.161 
0.310 
0.160 
0.671 
0.259 
0.623 
0.368 
0.271 
0.536 
0.427 
0.204 
0.303 
0.187 
0.355 
0.169 
0.300 
0.258 
0.615 
0.172 
0.527 
0.651 
0.463 
0.499 
0.271 
0.157 
0.638 
0.371 
0.644 
0.463 
0.253 
0.211 
0.263 
0.457 
0.398 
0.283 
0.400 
0.204 
0.316 
0.206 
0.415 
0.225 
0.295 
0.583 
0.134 
0.162 
0.555 
0.247 
0.240 
0.463 
0.567 
0.321 
0.346 
0.611 
0.309 
0.515 
0.399 
0.181 
0.343 
0.235 
0.271 
0.327 
0.412 
0.295 
0.495 
0.412 
0.140 
0.115 
0.151 
0.200 
0.215 
0.243 
0.195 
0.388 
0.267 
0.212 
0.159 
0.363 
0.348 
0.279 
0.244 
0.432 
0.374 
0.201 
0.562 
0.323 
0.324 
