0.178 
0.036 
0.100 
0.033 
0.057 
0.154 
0.014 
0.013 
0.032 
0.031 
0.061 
0.012 
0.087 
0.015 
0.226 
0.082 
0.170 
0.052 
0.015 
0.024 
0.025 
0.021 
0.026 
0.119 
0.019 
0.014 
0.015 
0.025 
0.035 
0.026 
0.055 
0.077 
0.125 
0.028 
0.036 
0.044 
0.013 
0.094 
0.015 
0.042 
0.041 
0.027 
0.180 
0.034 
0.030 
0.069 
0.121 
0.030 
0.067 
0.347 
0.131 
0.016 
0.137 
0.051 
0.037 
0.032 
0.236 
0.025 
0.053 
0.027 
0.213 
0.036 
0.015 
0.024 
0.284 
0.029 
0.055 
0.085 
0.024 
0.110 
0.047 
0.028 
0.346 
0.028 
0.029 
0.344 
0.023 
0.282 
0.026 
0.065 
0.219 
0.041 
0.024 
0.023 
0.038 
0.025 
0.020 
0.026 
0.054 
0.027 
0.026 
0.034 
0.291 
0.048 
0.032 
0.118 
0.178 
0.050 
0.014 
0.207 
