0.106 
0.074 
0.096 
0.112 
0.147 
0.209 
0.222 
0.042 
0.157 
0.025 
0.083 
0.045 
0.109 
0.042 
0.366 
0.025 
0.055 
0.072 
0.015 
0.237 
0.015 
0.386 
0.052 
0.011 
0.071 
0.045 
0.042 
0.139 
0.013 
0.072 
0.157 
0.154 
0.059 
0.301 
0.010 
0.011 
0.121 
0.089 
0.013 
0.342 
0.035 
0.254 
0.014 
0.166 
0.038 
0.085 
0.254 
0.016 
0.111 
0.016 
0.032 
0.214 
0.031 
0.043 
0.061 
0.034 
0.079 
0.025 
0.298 
0.111 
0.027 
0.025 
0.057 
0.111 
0.012 
0.048 
0.043 
0.028 
0.034 
0.028 
0.124 
0.014 
0.294 
0.040 
0.222 
0.087 
0.044 
0.137 
0.014 
0.482 
0.254 
0.015 
0.024 
0.047 
0.011 
0.031 
0.036 
0.025 
0.056 
0.049 
0.032 
0.022 
0.024 
0.012 
0.022 
0.026 
0.183 
0.032 
0.209 
0.033 
