0.521 
0.534 
0.548 
0.566 
0.620 
0.701 
0.653 
0.650 
0.695 
0.754 
0.775 
0.774 
0.771 
0.800 
0.814 
0.817 
0.804 
0.812 
0.833 
0.841 
0.843 
0.842 
0.849 
0.855 
0.858 
0.855 
0.853 
0.858 
0.864 
0.866 
0.866 
0.865 
0.867 
0.869 
0.871 
0.871 
0.869 
0.870 
0.872 
0.873 
0.874 
0.874 
0.873 
0.873 
0.875 
0.876 
0.877 
0.877 
0.877 
0.878 
0.880 
0.880 
0.880 
0.879 
0.878 
0.879 
0.880 
0.881 
0.880 
0.880 
0.881 
0.882 
0.882 
0.882 
0.881 
0.881 
0.881 
0.882 
0.882 
0.882 
0.882 
0.882 
0.883 
0.883 
0.883 
0.883 
0.882 
0.882 
0.882 
0.883 
0.883 
0.883 
0.883 
0.883 
0.883 
0.883 
0.883 
0.883 
0.883 
0.882 
0.882 
0.883 
0.883 
0.883 
0.883 
0.883 
0.883 
0.883 
0.883 
0.883 
