0.014 
0.034 
0.070 
0.050 
0.090 
0.051 
0.091 
0.055 
0.043 
0.041 
0.037 
0.053 
0.052 
0.049 
0.052 
0.054 
0.051 
0.047 
0.036 
0.042 
0.054 
0.058 
0.045 
0.044 
0.054 
0.040 
0.060 
0.038 
0.044 
0.045 
0.053 
0.043 
0.048 
0.041 
0.048 
0.045 
0.057 
0.043 
0.045 
0.052 
0.049 
0.052 
0.044 
0.070 
0.041 
0.068 
0.057 
0.035 
0.038 
0.062 
0.032 
0.035 
0.034 
0.037 
0.030 
0.035 
0.038 
0.042 
0.036 
0.044 
0.035 
0.037 
0.043 
0.026 
0.037 
0.039 
0.034 
0.029 
0.040 
0.027 
0.037 
0.033 
0.041 
0.026 
0.040 
0.036 
0.035 
0.030 
0.021 
0.038 
0.045 
0.024 
0.037 
0.032 
0.038 
0.030 
0.037 
0.036 
0.038 
0.038 
0.027 
0.063 
0.024 
0.038 
0.033 
0.043 
0.036 
0.030 
0.033 
0.039 
