0.520 
0.533 
0.548 
0.567 
0.623 
0.702 
0.658 
0.655 
0.705 
0.756 
0.777 
0.776 
0.776 
0.803 
0.815 
0.817 
0.806 
0.815 
0.832 
0.837 
0.837 
0.836 
0.844 
0.853 
0.857 
0.854 
0.853 
0.858 
0.864 
0.866 
0.866 
0.864 
0.865 
0.869 
0.871 
0.871 
0.870 
0.870 
0.871 
0.873 
0.873 
0.873 
0.872 
0.873 
0.875 
0.877 
0.878 
0.877 
0.877 
0.878 
0.879 
0.880 
0.880 
0.879 
0.879 
0.880 
0.880 
0.881 
0.881 
0.881 
0.882 
0.882 
0.882 
0.882 
0.882 
0.882 
0.882 
0.883 
0.883 
0.882 
0.882 
0.882 
0.883 
0.883 
0.883 
0.883 
0.883 
0.883 
0.883 
0.883 
0.882 
0.882 
0.882 
0.882 
0.882 
0.882 
0.882 
0.882 
0.882 
0.882 
0.882 
0.881 
0.881 
0.880 
0.880 
0.879 
0.879 
0.879 
0.880 
0.881 
