0.208 
0.148 
0.055 
0.050 
0.042 
0.023 
0.035 
0.085 
0.071 
0.012 
0.137 
0.163 
0.035 
0.043 
0.060 
0.041 
0.028 
0.042 
0.017 
0.031 
0.055 
0.047 
0.035 
0.105 
0.044 
0.013 
0.012 
0.017 
0.032 
0.034 
0.018 
0.017 
0.046 
0.206 
0.054 
0.059 
0.017 
0.032 
0.014 
0.017 
0.027 
0.012 
0.054 
0.138 
0.050 
0.030 
0.061 
0.035 
0.018 
0.017 
0.049 
0.037 
0.035 
0.019 
0.018 
0.013 
0.144 
0.031 
0.154 
0.115 
0.039 
0.118 
0.127 
0.071 
0.069 
0.248 
0.159 
0.043 
0.055 
0.046 
0.040 
0.047 
0.026 
0.177 
0.052 
0.030 
0.018 
0.018 
0.018 
0.090 
0.026 
0.012 
0.018 
0.054 
0.132 
0.019 
0.033 
0.037 
0.018 
0.018 
0.022 
0.019 
0.049 
0.031 
0.013 
0.169 
0.025 
0.182 
0.040 
0.031 
