0.520 
0.534 
0.549 
0.568 
0.622 
0.702 
0.654 
0.650 
0.697 
0.757 
0.777 
0.773 
0.769 
0.800 
0.815 
0.817 
0.803 
0.810 
0.832 
0.840 
0.842 
0.839 
0.847 
0.857 
0.860 
0.857 
0.853 
0.859 
0.865 
0.867 
0.866 
0.865 
0.867 
0.870 
0.872 
0.872 
0.871 
0.872 
0.873 
0.875 
0.874 
0.873 
0.872 
0.874 
0.876 
0.877 
0.877 
0.877 
0.878 
0.879 
0.879 
0.879 
0.878 
0.878 
0.879 
0.880 
0.881 
0.881 
0.880 
0.880 
0.881 
0.882 
0.882 
0.881 
0.880 
0.880 
0.881 
0.882 
0.882 
0.882 
0.882 
0.882 
0.882 
0.883 
0.883 
0.882 
0.882 
0.882 
0.882 
0.883 
0.883 
0.883 
0.883 
0.883 
0.883 
0.884 
0.884 
0.883 
0.883 
0.883 
0.883 
0.883 
0.883 
0.882 
0.882 
0.882 
0.882 
0.882 
0.882 
0.882 
