0.053 
0.025 
0.024 
0.055 
0.031 
0.018 
0.054 
0.012 
0.054 
0.054 
0.026 
0.115 
0.032 
0.042 
0.147 
0.026 
0.085 
0.094 
0.038 
0.042 
0.013 
0.018 
0.018 
0.044 
0.012 
0.062 
0.047 
0.042 
0.026 
0.037 
0.013 
0.018 
0.032 
0.064 
0.132 
0.143 
0.043 
0.063 
0.019 
0.018 
0.054 
0.106 
0.046 
0.035 
0.050 
0.026 
0.032 
0.026 
0.049 
0.034 
0.059 
0.057 
0.013 
0.018 
0.039 
0.056 
0.063 
0.043 
0.034 
0.049 
0.025 
0.132 
0.039 
0.119 
0.022 
0.147 
0.031 
0.040 
0.049 
0.134 
0.036 
0.155 
0.140 
0.047 
0.026 
0.074 
0.012 
0.018 
0.017 
0.018 
0.042 
0.016 
0.019 
0.016 
0.031 
0.012 
0.014 
0.012 
0.019 
0.039 
0.018 
0.034 
0.054 
0.013 
0.098 
0.032 
0.012 
0.017 
0.018 
0.021 
