0.069 
0.094 
0.130 
0.065 
0.140 
0.312 
0.341 
0.263 
0.190 
0.301 
0.293 
0.265 
0.334 
0.205 
0.025 
0.236 
0.243 
0.045 
0.281 
0.132 
0.084 
0.114 
0.340 
0.030 
0.141 
0.122 
0.165 
0.205 
0.136 
0.368 
0.290 
0.298 
0.298 
0.306 
0.256 
0.167 
0.170 
0.174 
0.249 
0.254 
0.233 
0.210 
0.235 
0.200 
0.127 
0.238 
0.165 
0.314 
0.115 
0.326 
0.312 
0.346 
0.326 
0.086 
0.092 
0.193 
0.346 
0.285 
0.306 
0.263 
0.290 
0.186 
0.331 
0.319 
0.318 
0.038 
0.290 
0.239 
0.202 
0.166 
0.278 
0.301 
0.314 
0.136 
0.250 
0.272 
0.244 
0.319 
0.257 
0.178 
0.119 
0.120 
0.102 
0.226 
0.092 
0.190 
0.147 
0.119 
0.174 
0.405 
0.287 
0.330 
0.026 
0.189 
0.310 
0.221 
0.175 
0.163 
0.170 
0.165 
