0.220 
0.247 
0.034 
0.294 
0.282 
0.238 
0.290 
0.254 
0.321 
0.317 
0.256 
0.171 
0.286 
0.308 
0.343 
0.267 
0.206 
0.121 
0.405 
0.154 
0.308 
0.367 
0.211 
0.394 
0.126 
0.189 
0.117 
0.244 
0.307 
0.339 
0.291 
0.318 
0.142 
0.178 
0.250 
0.098 
0.289 
0.190 
0.335 
0.170 
0.372 
0.292 
0.278 
0.221 
0.292 
0.049 
0.347 
0.306 
0.128 
0.372 
0.304 
0.161 
0.235 
0.193 
0.238 
0.255 
0.178 
0.192 
0.167 
0.258 
0.288 
0.435 
0.318 
0.331 
0.275 
0.294 
0.436 
0.238 
0.310 
0.289 
0.086 
0.237 
0.300 
0.307 
0.418 
0.325 
0.319 
0.275 
0.154 
0.043 
0.246 
0.317 
0.022 
0.257 
0.271 
0.287 
0.297 
0.395 
0.288 
0.227 
0.271 
0.281 
0.195 
0.318 
0.290 
0.278 
0.363 
0.297 
0.264 
0.155 
