0.082 
0.015 
0.010 
0.018 
0.024 
0.032 
0.030 
0.155 
0.023 
0.030 
0.018 
0.024 
0.054 
0.011 
0.014 
0.025 
0.012 
0.050 
0.015 
0.044 
0.021 
0.031 
0.023 
0.022 
0.022 
0.023 
0.009 
0.143 
0.022 
0.024 
0.022 
0.012 
0.010 
0.049 
0.010 
0.010 
0.010 
0.042 
0.040 
0.023 
0.063 
0.014 
0.022 
0.012 
0.027 
0.009 
0.010 
0.013 
0.014 
0.148 
0.171 
0.009 
0.013 
0.010 
0.022 
0.044 
0.022 
0.022 
0.012 
0.010 
0.130 
0.016 
0.013 
0.012 
0.012 
0.023 
0.012 
0.012 
0.012 
0.022 
0.012 
0.022 
0.023 
0.023 
0.011 
0.010 
0.011 
0.010 
0.040 
0.022 
0.022 
0.021 
0.023 
0.021 
0.023 
0.022 
0.023 
0.041 
0.020 
0.048 
0.079 
0.031 
0.022 
0.010 
0.022 
0.013 
0.031 
0.010 
0.022 
0.022 
