0.041 
0.015 
0.012 
0.010 
0.009 
0.030 
0.010 
0.030 
0.010 
0.022 
0.025 
0.141 
0.013 
0.019 
0.052 
0.009 
0.018 
0.009 
0.009 
0.010 
0.124 
0.029 
0.023 
0.022 
0.024 
0.017 
0.020 
0.077 
0.022 
0.115 
0.011 
0.010 
0.011 
0.022 
0.013 
0.012 
0.021 
0.014 
0.071 
0.141 
0.097 
0.009 
0.010 
0.010 
0.010 
0.009 
0.010 
0.022 
0.099 
0.034 
0.021 
0.021 
0.013 
0.022 
0.012 
0.010 
0.023 
0.010 
0.013 
0.032 
0.013 
0.053 
0.021 
0.012 
0.013 
0.018 
0.035 
0.009 
0.058 
0.028 
0.010 
0.012 
0.010 
0.011 
0.012 
0.021 
0.027 
0.058 
0.021 
0.010 
0.010 
0.039 
0.015 
0.013 
0.020 
0.021 
0.011 
0.011 
0.022 
0.028 
0.010 
0.014 
0.009 
0.023 
0.033 
0.011 
0.032 
0.014 
0.013 
0.010 
