0.479 
0.443 
0.453 
0.472 
0.458 
0.499 
0.491 
0.500 
0.355 
0.445 
0.476 
0.483 
0.402 
0.450 
0.486 
0.463 
0.446 
0.514 
0.479 
0.413 
0.504 
0.364 
0.488 
0.420 
0.447 
0.408 
0.516 
0.508 
0.536 
0.417 
0.442 
0.476 
0.494 
0.435 
0.490 
0.452 
0.381 
0.504 
0.503 
0.452 
0.558 
0.363 
0.401 
0.394 
0.492 
0.488 
0.387 
0.465 
0.480 
0.547 
0.600 
0.516 
0.446 
0.452 
0.410 
0.437 
0.466 
0.425 
0.404 
0.500 
0.505 
0.359 
0.440 
0.512 
0.456 
0.464 
0.527 
0.423 
0.505 
0.489 
0.392 
0.424 
0.386 
0.508 
0.457 
0.471 
0.472 
0.425 
0.375 
0.475 
0.518 
0.464 
0.505 
0.422 
0.493 
0.401 
0.378 
0.437 
0.379 
0.489 
0.390 
0.426 
0.386 
0.489 
0.545 
0.426 
0.534 
0.447 
0.466 
0.581 
