0.057 
0.032 
0.017 
0.033 
0.043 
0.035 
0.045 
0.019 
0.058 
0.028 
0.064 
0.018 
0.017 
0.017 
0.013 
0.014 
0.020 
0.037 
0.225 
0.037 
0.049 
0.025 
0.093 
0.031 
0.067 
0.050 
0.019 
0.018 
0.031 
0.091 
0.019 
0.019 
0.016 
0.019 
0.045 
0.187 
0.071 
0.037 
0.048 
0.024 
0.012 
0.018 
0.041 
0.039 
0.032 
0.018 
0.040 
0.018 
0.018 
0.081 
0.046 
0.019 
0.038 
0.017 
0.012 
0.017 
0.018 
0.018 
0.018 
0.018 
0.131 
0.029 
0.017 
0.030 
0.115 
0.013 
0.018 
0.020 
0.027 
0.017 
0.144 
0.020 
0.054 
0.018 
0.014 
0.034 
0.013 
0.013 
0.182 
0.025 
0.050 
0.018 
0.018 
0.058 
0.014 
0.012 
0.022 
0.111 
0.042 
0.018 
0.018 
0.018 
0.152 
0.034 
0.019 
0.031 
0.013 
0.048 
0.069 
0.019 
