0.228 
0.041 
0.187 
0.024 
0.047 
0.031 
0.016 
0.014 
0.062 
0.017 
0.241 
0.019 
0.038 
0.089 
0.052 
0.066 
0.134 
0.022 
0.090 
0.020 
0.019 
0.070 
0.019 
0.021 
0.016 
0.019 
0.018 
0.052 
0.041 
0.019 
0.025 
0.019 
0.041 
0.019 
0.042 
0.023 
0.039 
0.018 
0.050 
0.026 
0.018 
0.030 
0.017 
0.019 
0.121 
0.018 
0.066 
0.178 
0.066 
0.018 
0.027 
0.061 
0.059 
0.018 
0.027 
0.026 
0.019 
0.019 
0.027 
0.055 
0.023 
0.136 
0.018 
0.064 
0.047 
0.024 
0.040 
0.063 
0.021 
0.034 
0.050 
0.059 
0.083 
0.034 
0.023 
0.054 
0.030 
0.018 
0.028 
0.015 
0.022 
0.020 
0.098 
0.024 
0.019 
0.039 
0.027 
0.233 
0.038 
0.041 
0.106 
0.030 
0.018 
0.039 
0.038 
0.054 
0.071 
0.017 
0.030 
0.017 
