0.179 
0.062 
0.150 
0.247 
0.221 
0.198 
0.281 
0.279 
0.288 
0.238 
0.163 
0.302 
0.307 
0.083 
0.284 
0.061 
0.099 
0.213 
0.332 
0.318 
0.256 
0.289 
0.294 
0.294 
0.310 
0.326 
0.293 
0.198 
0.289 
0.046 
0.237 
0.215 
0.177 
0.228 
0.297 
0.126 
0.225 
0.332 
0.206 
0.039 
0.172 
0.219 
0.137 
0.255 
0.240 
0.210 
0.268 
0.098 
0.255 
0.072 
0.463 
0.217 
0.125 
0.302 
0.275 
0.318 
0.290 
0.439 
0.292 
0.082 
0.215 
0.355 
0.303 
0.334 
0.139 
0.295 
0.203 
0.283 
0.276 
0.282 
0.075 
0.154 
0.182 
0.131 
0.290 
0.027 
0.199 
0.369 
0.281 
0.072 
0.172 
0.370 
0.282 
0.332 
0.050 
0.122 
0.373 
0.048 
0.157 
0.161 
0.224 
0.257 
0.201 
0.293 
0.355 
0.130 
0.175 
0.294 
0.221 
0.299 
