0.159 
0.202 
0.185 
0.193 
0.279 
0.329 
0.114 
0.268 
0.061 
0.119 
0.111 
0.307 
0.157 
0.370 
0.471 
0.275 
0.189 
0.201 
0.177 
0.242 
0.270 
0.319 
0.323 
0.254 
0.041 
0.286 
0.140 
0.212 
0.360 
0.294 
0.290 
0.140 
0.317 
0.216 
0.193 
0.079 
0.225 
0.322 
0.342 
0.186 
0.188 
0.273 
0.063 
0.052 
0.298 
0.182 
0.155 
0.251 
0.333 
0.156 
0.177 
0.262 
0.287 
0.067 
0.253 
0.273 
0.221 
0.282 
0.091 
0.171 
0.310 
0.115 
0.339 
0.129 
0.238 
0.290 
0.152 
0.164 
0.313 
0.327 
0.128 
0.189 
0.276 
0.160 
0.249 
0.198 
0.172 
0.241 
0.167 
0.153 
0.257 
0.244 
0.278 
0.352 
0.286 
0.058 
0.182 
0.292 
0.154 
0.186 
0.210 
0.234 
0.288 
0.202 
0.263 
0.231 
0.268 
0.039 
0.117 
0.336 
