0.379 
0.287 
0.132 
0.066 
0.025 
0.050 
0.057 
0.052 
0.083 
0.019 
0.031 
0.183 
0.020 
0.058 
0.032 
0.423 
0.121 
0.027 
0.114 
0.025 
0.023 
0.019 
0.021 
0.022 
0.043 
0.021 
0.050 
0.339 
0.207 
0.431 
0.468 
0.215 
0.023 
0.057 
0.046 
0.024 
0.068 
0.023 
0.021 
0.019 
0.022 
0.023 
0.063 
0.363 
0.183 
0.036 
0.043 
0.043 
0.022 
0.021 
0.047 
0.097 
0.019 
0.023 
0.021 
0.021 
0.025 
0.124 
0.194 
0.371 
0.376 
0.331 
0.359 
0.316 
0.359 
0.168 
0.313 
0.385 
0.372 
0.323 
0.124 
0.043 
0.024 
0.019 
0.024 
0.098 
0.097 
0.019 
0.154 
0.099 
0.492 
0.379 
0.176 
0.143 
0.038 
0.019 
0.020 
0.050 
0.167 
0.020 
0.021 
0.021 
0.019 
0.047 
0.020 
0.155 
0.032 
0.258 
0.404 
0.379 
