0.029 
0.015 
0.025 
0.012 
0.024 
0.010 
0.026 
0.011 
0.022 
0.011 
0.023 
0.013 
0.010 
0.010 
0.012 
0.033 
0.023 
0.010 
0.012 
0.012 
0.012 
0.010 
0.027 
0.021 
0.013 
0.012 
0.064 
0.011 
0.010 
0.009 
0.014 
0.009 
0.073 
0.053 
0.009 
0.014 
0.023 
0.010 
0.016 
0.013 
0.023 
0.010 
0.011 
0.030 
0.012 
0.013 
0.012 
0.020 
0.021 
0.010 
0.036 
0.010 
0.031 
0.038 
0.058 
0.012 
0.147 
0.011 
0.012 
0.021 
0.022 
0.011 
0.023 
0.023 
0.013 
0.028 
0.011 
0.039 
0.011 
0.021 
0.010 
0.011 
0.012 
0.009 
0.023 
0.011 
0.068 
0.022 
0.011 
0.042 
0.012 
0.010 
0.106 
0.038 
0.023 
0.010 
0.021 
0.024 
0.026 
0.018 
0.017 
0.024 
0.011 
0.012 
0.034 
0.032 
0.014 
0.021 
0.022 
0.011 
