0.072 
0.027 
0.022 
0.011 
0.023 
0.010 
0.032 
0.016 
0.011 
0.023 
0.010 
0.021 
0.023 
0.027 
0.010 
0.037 
0.009 
0.021 
0.021 
0.011 
0.150 
0.009 
0.011 
0.029 
0.009 
0.010 
0.043 
0.022 
0.011 
0.010 
0.024 
0.009 
0.021 
0.010 
0.047 
0.011 
0.022 
0.027 
0.087 
0.009 
0.012 
0.014 
0.010 
0.155 
0.024 
0.029 
0.022 
0.022 
0.010 
0.012 
0.009 
0.010 
0.011 
0.009 
0.012 
0.051 
0.012 
0.038 
0.016 
0.034 
0.054 
0.030 
0.020 
0.015 
0.010 
0.010 
0.010 
0.066 
0.041 
0.012 
0.022 
0.010 
0.023 
0.046 
0.010 
0.009 
0.057 
0.013 
0.033 
0.011 
0.022 
0.009 
0.010 
0.019 
0.037 
0.013 
0.021 
0.011 
0.015 
0.012 
0.023 
0.040 
0.067 
0.010 
0.010 
0.026 
0.046 
0.012 
0.022 
0.012 
