0.271 
0.267 
0.232 
0.221 
0.222 
0.222 
0.267 
0.220 
0.209 
0.210 
0.205 
0.260 
0.235 
0.241 
0.249 
0.242 
0.199 
0.227 
0.274 
0.199 
0.223 
0.245 
0.226 
0.237 
0.195 
0.214 
0.201 
0.204 
0.218 
0.233 
0.221 
0.243 
0.229 
0.217 
0.212 
0.226 
0.225 
0.233 
0.240 
0.221 
0.231 
0.241 
0.211 
0.183 
0.209 
0.222 
0.206 
0.226 
0.210 
0.214 
0.219 
0.210 
0.241 
0.233 
0.230 
0.252 
0.215 
0.205 
0.195 
0.202 
0.180 
0.194 
0.211 
0.218 
0.190 
0.227 
0.251 
0.231 
0.216 
0.237 
0.236 
0.264 
0.248 
0.226 
0.234 
0.231 
0.202 
0.199 
0.237 
0.207 
0.202 
0.203 
0.209 
0.215 
0.211 
0.260 
0.236 
0.216 
0.182 
0.190 
0.205 
0.201 
0.214 
0.232 
0.228 
0.204 
0.205 
0.208 
0.225 
0.213 
