0.247 
0.281 
0.277 
0.315 
0.312 
0.327 
0.305 
0.282 
0.294 
0.305 
0.302 
0.272 
0.316 
0.284 
0.290 
0.300 
0.312 
0.293 
0.335 
0.264 
0.268 
0.294 
0.301 
0.266 
0.292 
0.280 
0.330 
0.273 
0.307 
0.300 
0.278 
0.278 
0.297 
0.287 
0.314 
0.325 
0.315 
0.291 
0.314 
0.286 
0.336 
0.271 
0.271 
0.289 
0.280 
0.300 
0.312 
0.285 
0.284 
0.279 
0.317 
0.274 
0.271 
0.278 
0.299 
0.267 
0.266 
0.298 
0.278 
0.267 
0.293 
0.268 
0.309 
0.296 
0.298 
0.301 
0.288 
0.299 
0.288 
0.294 
0.310 
0.281 
0.275 
0.259 
0.278 
0.278 
0.277 
0.292 
0.316 
0.279 
0.307 
0.289 
0.299 
0.283 
0.347 
0.273 
0.270 
0.284 
0.271 
0.294 
0.289 
0.302 
0.292 
0.286 
0.272 
0.297 
0.325 
0.293 
0.282 
0.289 
