0.400 
0.332 
0.366 
0.336 
0.387 
0.361 
0.374 
0.356 
0.352 
0.352 
0.366 
0.372 
0.360 
0.340 
0.388 
0.375 
0.341 
0.373 
0.370 
0.353 
0.357 
0.364 
0.358 
0.354 
0.347 
0.380 
0.341 
0.364 
0.343 
0.333 
0.332 
0.348 
0.338 
0.361 
0.355 
0.352 
0.354 
0.349 
0.372 
0.344 
0.366 
0.347 
0.357 
0.380 
0.337 
0.343 
0.337 
0.380 
0.356 
0.386 
0.349 
0.362 
0.366 
0.351 
0.335 
0.346 
0.379 
0.327 
0.347 
0.390 
0.333 
0.345 
0.342 
0.361 
0.350 
0.389 
0.330 
0.358 
0.348 
0.356 
0.370 
0.379 
0.368 
0.341 
0.376 
0.338 
0.359 
0.382 
0.355 
0.362 
0.331 
0.376 
0.361 
0.349 
0.347 
0.350 
0.334 
0.340 
0.353 
0.343 
0.354 
0.416 
0.333 
0.347 
0.367 
0.351 
0.380 
0.346 
0.368 
0.332 
