0.382 
0.356 
0.344 
0.360 
0.382 
0.322 
0.378 
0.351 
0.370 
0.341 
0.375 
0.341 
0.365 
0.350 
0.343 
0.357 
0.348 
0.395 
0.368 
0.323 
0.339 
0.344 
0.348 
0.364 
0.351 
0.336 
0.384 
0.385 
0.411 
0.374 
0.369 
0.340 
0.360 
0.349 
0.363 
0.348 
0.334 
0.360 
0.345 
0.337 
0.349 
0.358 
0.349 
0.377 
0.354 
0.345 
0.342 
0.384 
0.416 
0.356 
0.353 
0.349 
0.334 
0.375 
0.335 
0.328 
0.331 
0.355 
0.375 
0.372 
0.357 
0.362 
0.335 
0.396 
0.379 
0.379 
0.360 
0.361 
0.344 
0.363 
0.367 
0.351 
0.379 
0.365 
0.371 
0.376 
0.388 
0.362 
0.375 
0.337 
0.344 
0.331 
0.331 
0.346 
0.350 
0.342 
0.385 
0.366 
0.366 
0.350 
0.367 
0.368 
0.361 
0.370 
0.318 
0.345 
0.389 
0.366 
0.372 
0.352 
