0.269 
0.285 
0.278 
0.297 
0.343 
0.284 
0.255 
0.266 
0.274 
0.273 
0.302 
0.278 
0.278 
0.281 
0.276 
0.256 
0.311 
0.285 
0.286 
0.297 
0.303 
0.289 
0.271 
0.264 
0.270 
0.266 
0.289 
0.272 
0.300 
0.270 
0.284 
0.286 
0.283 
0.281 
0.263 
0.263 
0.296 
0.296 
0.288 
0.285 
0.293 
0.288 
0.304 
0.334 
0.252 
0.295 
0.286 
0.294 
0.280 
0.266 
0.293 
0.283 
0.305 
0.309 
0.258 
0.305 
0.277 
0.280 
0.275 
0.248 
0.297 
0.261 
0.299 
0.267 
0.278 
0.293 
0.277 
0.283 
0.290 
0.265 
0.316 
0.264 
0.264 
0.314 
0.312 
0.311 
0.291 
0.276 
0.277 
0.290 
0.293 
0.298 
0.308 
0.276 
0.268 
0.273 
0.295 
0.275 
0.261 
0.281 
0.303 
0.306 
0.256 
0.318 
0.287 
0.274 
0.284 
0.306 
0.373 
0.308 
