0.006 
0.005 
0.004 
0.004 
0.004 
0.004 
0.005 
0.004 
0.004 
0.004 
0.004 
0.004 
0.005 
0.004 
0.005 
0.004 
0.004 
0.004 
0.020 
0.005 
0.005 
0.004 
0.006 
0.004 
0.005 
0.004 
0.004 
0.005 
0.021 
0.004 
0.005 
0.004 
0.005 
0.004 
0.004 
0.005 
0.024 
0.004 
0.005 
0.004 
0.005 
0.004 
0.004 
0.005 
0.004 
0.004 
0.005 
0.004 
0.005 
0.004 
0.004 
0.005 
0.005 
0.004 
0.006 
0.004 
0.005 
0.004 
0.004 
0.005 
0.020 
0.004 
0.005 
0.004 
0.006 
0.004 
0.004 
0.005 
0.004 
0.004 
0.005 
0.005 
0.022 
0.004 
0.004 
0.005 
0.005 
0.004 
0.005 
0.004 
0.005 
0.004 
0.004 
0.005 
0.004 
0.004 
0.005 
0.004 
0.005 
0.004 
0.004 
0.005 
0.004 
0.021 
0.004 
0.004 
0.005 
0.005 
0.004 
0.005 
0.004 
0.005 
0.004 
0.004 
0.005 
0.004 
0.004 
0.005 
0.004 
0.005 
0.004 
0.004 
0.005 
0.004 
0.004 
0.005 
0.004 
0.005 
0.004 
0.004 
0.005 
0.005 
0.004 
0.006 
0.004 
0.005 
0.004 
0.004 
0.005 
0.004 
0.004 
0.005 
0.004 
0.005 
0.004 
0.004 
0.005 
0.004 
0.004 
0.006 
0.004 
0.005 
0.004 
0.004 
0.005 
0.005 
0.004 
0.006 
0.004 
0.005 
0.004 
0.004 
0.004 
0.004 
0.004 
0.005 
0.004 
0.004 
0.004 
0.004 
0.005 
0.004 
0.004 
0.005 
0.004 
0.005 
0.004 
0.004 
0.005 
0.005 
0.004 
0.006 
0.019 
0.005 
0.005 
0.005 
0.005 
0.004 
0.005 
0.005 
0.004 
0.004 
0.006 
0.021 
0.005 
0.004 
0.005 
0.005 
0.005 
0.004 
0.006 
0.005 
0.004 
0.004 
0.022 
0.005 
0.005 
0.004 
0.006 
0.004 
0.004 
0.004 
0.005 
0.005 
0.004 
0.004 
0.005 
0.005 
0.004 
0.004 
0.005 
0.005 
0.004 
0.004 
0.005 
0.005 
0.004 
0.004 
0.006 
0.005 
0.005 
0.004 
0.006 
0.005 
0.005 
0.004 
0.006 
0.006 
0.006 
0.004 
0.005 
0.005 
0.004 
0.004 
0.005 
0.021 
0.004 
0.004 
0.006 
0.005 
0.004 
0.004 
0.005 
0.005 
0.004 
0.004 
0.006 
0.005 
0.005 
0.004 
0.007 
0.005 
0.020 
0.004 
0.005 
0.005 
0.004 
0.004 
0.006 
0.004 
0.004 
0.004 
0.005 
0.004 
0.004 
0.005 
0.004 
0.004 
0.004 
0.005 
0.005 
0.005 
0.004 
0.006 
0.004 
0.005 
0.004 
0.004 
0.005 
0.006 
0.004 
0.005 
0.004 
0.005 
0.004 
0.004 
0.005 
0.004 
0.004 
0.005 
0.004 
0.005 
0.004 
0.004 
0.005 
0.004 
0.004 
0.005 
0.005 
0.005 
