0.036 
0.051 
0.044 
0.058 
0.110 
0.051 
0.077 
0.031 
0.022 
0.029 
0.033 
0.051 
0.040 
0.088 
0.033 
0.029 
0.031 
0.023 
0.070 
0.070 
0.110 
0.069 
0.103 
0.026 
0.050 
0.055 
0.034 
0.032 
0.039 
0.042 
0.048 
0.022 
0.044 
0.023 
0.087 
0.076 
0.066 
0.108 
0.022 
0.047 
0.028 
0.062 
0.025 
0.029 
0.042 
0.023 
0.033 
0.054 
0.072 
0.022 
0.030 
0.022 
0.033 
0.051 
0.042 
0.028 
0.125 
0.055 
0.155 
0.087 
0.130 
0.023 
0.028 
0.058 
0.050 
0.100 
0.024 
0.050 
0.052 
0.037 
0.030 
0.103 
0.025 
0.112 
0.055 
0.083 
0.022 
0.053 
0.028 
0.033 
0.112 
0.043 
0.026 
0.024 
0.112 
0.062 
0.027 
0.035 
0.055 
0.029 
0.029 
0.031 
0.033 
0.027 
0.024 
0.041 
0.082 
0.032 
0.024 
0.026 
0.106 
0.166 
0.026 
0.028 
0.081 
0.023 
0.031 
0.038 
0.032 
0.022 
0.035 
0.045 
0.049 
0.028 
0.024 
0.025 
0.034 
0.087 
0.047 
0.025 
0.052 
0.022 
0.123 
0.023 
0.023 
0.063 
0.029 
0.035 
0.025 
0.039 
0.030 
0.025 
0.047 
0.023 
0.057 
0.064 
0.035 
0.032 
0.022 
0.068 
0.027 
0.216 
0.026 
0.042 
0.062 
0.029 
0.109 
0.024 
0.031 
0.023 
0.081 
0.039 
0.050 
0.064 
0.068 
0.089 
0.148 
0.029 
0.038 
0.039 
0.067 
0.024 
0.091 
0.040 
0.023 
0.143 
0.144 
0.044 
0.153 
0.026 
0.075 
0.040 
0.025 
0.048 
0.059 
0.100 
0.135 
0.026 
0.078 
0.074 
0.113 
0.024 
0.043 
0.119 
0.049 
0.031 
0.023 
0.040 
0.067 
0.041 
0.106 
0.027 
0.069 
0.024 
0.029 
0.052 
0.144 
0.033 
0.056 
0.024 
0.052 
0.094 
0.021 
0.057 
0.029 
0.037 
0.060 
0.061 
0.026 
0.057 
0.078 
0.023 
0.026 
0.029 
0.028 
0.041 
0.028 
0.032 
0.088 
0.027 
0.037 
0.022 
0.022 
0.034 
0.148 
0.032 
0.154 
0.032 
0.032 
0.043 
0.034 
0.033 
0.158 
0.048 
0.025 
0.022 
0.073 
0.038 
0.048 
0.022 
0.036 
0.143 
0.027 
0.028 
0.026 
0.279 
0.030 
0.025 
0.148 
0.103 
0.026 
0.050 
0.056 
0.075 
0.024 
0.063 
0.036 
0.047 
0.097 
0.051 
0.038 
0.027 
0.027 
0.046 
0.034 
0.031 
0.026 
0.023 
0.022 
0.025 
0.036 
0.027 
0.044 
0.027 
0.037 
0.041 
0.050 
0.059 
0.031 
0.042 
0.094 
0.029 
0.023 
0.023 
0.031 
0.023 
0.021 
0.022 
0.049 
0.031 
0.051 
0.027 
0.028 
0.095 
0.120 
0.032 
0.022 
0.121 
0.034 
0.034 
