-1.0 0.028789997100830078 0.027633190155029297 0.025982141494750977 0.026411056518554688 0.03640317916870117 0.030726194381713867 0.009669065475463867 0.013571023941040039 0.030991077423095703
-1.0 0.017586231231689453 0.023751020431518555 0.018113136291503906 0.019253015518188477 0.05107522010803223 0.015460014343261719 0.01397705078125 0.02484917640686035 0.020315170288085938
-1.0 0.03229117393493652 0.03872323036193848 0.030948162078857422 0.030269145965576172 0.04355311393737793 0.028806209564208984 0.01116800308227539 0.02957916259765625 0.03166913986206055
-1.0 0.015025854110717773 0.035675048828125 0.017053842544555664 0.03351187705993652 0.035079002380371094 0.03439497947692871 0.010418891906738281 0.037758827209472656 0.05768299102783203
-1.0 0.10970306396484375 0.03058004379272461 0.03199410438537598 0.03260302543640137 0.09421706199645996 0.02907705307006836 0.01111292839050293 0.02992701530456543 0.031234025955200195
-1.0 0.016520023345947266 0.01744699478149414 0.019937992095947266 0.051213979721069336 0.010796070098876953 0.01827406883239746 0.013553142547607422 0.04732203483581543 0.015022039413452148
-1.0 0.03633594512939453 0.034873008728027344 0.07660102844238281 0.016099929809570312 0.014009952545166016 0.03702807426452637 0.03809309005737305 0.03565502166748047 0.03838396072387695
-1.0 0.02350592613220215 0.014786958694458008 0.024231910705566406 0.015880823135375977 0.017863988876342773 0.01923990249633789 0.011540889739990234 0.013269901275634766 0.03126883506774902
-1.0 0.010522842407226562 0.02130293846130371 0.013879060745239258 0.02255702018737793 0.01921987533569336 0.01861095428466797 0.017904996871948242 0.0159759521484375 0.016865015029907227
-1.0 0.02463698387145996 0.019513845443725586 0.0286710262298584 0.015867948532104492 0.016389846801757812 0.01675581932067871 0.02100682258605957 0.018498897552490234 0.010123968124389648
-1.0 0.01796412467956543 0.02149510383605957 0.03292989730834961 0.019287109375 0.020472049713134766 0.024209022521972656 0.024851083755493164 0.03318309783935547 0.01621103286743164
-1.0 0.012396812438964844 0.03033280372619629 0.03481793403625488 0.03218483924865723 0.03314781188964844 0.0326390266418457 0.03733682632446289 0.0507810115814209 0.03530693054199219
-1.0 0.02620697021484375 0.025319814682006836 0.03893399238586426 0.03020501136779785 0.026913881301879883 0.030905961990356445 0.024669885635375977 0.022799968719482422 0.039743900299072266
-1.0 0.06842184066772461 0.06662392616271973 0.0648047924041748 0.010676860809326172 0.06566286087036133 0.0720210075378418 0.06743097305297852 0.08835101127624512 0.07027888298034668
-1.0 0.014776945114135742 0.02375197410583496 0.015620946884155273 0.01752495765686035 0.0194089412689209 0.011148929595947266 0.03219890594482422 0.020720958709716797 0.033110857009887695
-1.0 0.016637802124023438 0.014627933502197266 0.02763080596923828 0.019490957260131836 0.017364978790283203 0.021677017211914062 0.018576860427856445 0.0291748046875 0.010514020919799805
-1.0 0.01954197883605957 0.018110990524291992 0.021611928939819336 0.02224278450012207 0.0166928768157959 0.031027793884277344 0.01009678840637207 0.02071690559387207 0.014556884765625
-1.0 0.017518043518066406 0.019598960876464844 0.014436006546020508 0.021564960479736328 0.01091909408569336 0.023128986358642578 0.017858028411865234 0.020488977432250977 0.018871068954467773
-1.0 0.07021784782409668 0.06475591659545898 0.05889892578125 0.06685400009155273 0.059854984283447266 0.06231999397277832 0.06554985046386719 0.06353592872619629 0.06627202033996582
-1.0 0.021589040756225586 0.02199697494506836 0.02564406394958496 0.04201507568359375 0.023530960083007812 0.024194002151489258 0.07034611701965332 0.026499032974243164 0.028037071228027344
-1.0 0.015702009201049805 0.013899087905883789 0.01599907875061035 0.017171144485473633 0.021041154861450195 0.10982704162597656 0.0180971622467041 0.018966197967529297 0.010289192199707031
-1.0 0.03138303756713867 0.014940023422241211 0.0296781063079834 0.030209064483642578 0.06863212585449219 0.0120849609375 0.06783914566040039 0.0420069694519043 0.030755043029785156
-1.0 0.10314512252807617 0.016300201416015625 0.01703810691833496 0.018787145614624023 0.02014613151550293 0.017976999282836914 0.01571798324584961 0.021326065063476562 0.012897014617919922
-1.0 0.02143383026123047 0.022360801696777344 0.020448923110961914 0.019348859786987305 0.026224851608276367 0.02304387092590332 0.01713085174560547 0.017859935760498047 0.012924909591674805
-1.0 0.03419089317321777 0.044564008712768555 0.014812946319580078 0.032794952392578125 0.03481793403625488 0.05006599426269531 0.03333878517150879 0.010955810546875 0.03359699249267578
-1.0 0.028590917587280273 0.03093695640563965 0.028888940811157227 0.029111862182617188 0.029773950576782227 0.0553288459777832 0.024953842163085938 0.030354022979736328 0.052764892578125
-1.0 0.03408002853393555 0.03215312957763672 0.025226116180419922 0.027007102966308594 0.029430150985717773 0.030569076538085938 0.032614946365356445 0.033506155014038086 0.02149796485900879
-1.0 0.023499011993408203 0.011363983154296875 0.020453929901123047 0.03162407875061035 0.021034955978393555 0.01827216148376465 0.019871950149536133 0.01909804344177246 0.015125036239624023
-1.0 0.03049302101135254 0.028985023498535156 0.02764892578125 0.03870892524719238 0.03114485740661621 0.029271841049194336 0.03439188003540039 0.026592016220092773 0.02983403205871582
-1.0 0.04030799865722656 0.026353836059570312 0.028186798095703125 0.027095794677734375 0.02359294891357422 0.02747178077697754 0.04203200340270996 0.028664827346801758 0.02264690399169922
-1.0 0.04817986488342285 0.037599802017211914 0.03880000114440918 0.013818979263305664 0.03590989112854004 0.03808093070983887 0.04101085662841797 0.04154801368713379 0.039389848709106445
-1.0 0.021824121475219727 0.01713109016418457 0.021200180053710938 0.01951122283935547 0.01318812370300293 0.015063047409057617 0.018931150436401367 0.018375158309936523 0.01763010025024414
-1.0 0.015066146850585938 0.01580810546875 0.01726818084716797 0.03233599662780762 0.01959514617919922 0.018519163131713867 0.02057504653930664 0.044245004653930664 0.010897159576416016
-1.0 0.021820068359375 0.016121864318847656 0.018862009048461914 0.01687002182006836 0.022616863250732422 0.014519929885864258 0.011780977249145508 0.017607927322387695 0.018229961395263672
-1.0 0.055480003356933594 0.05485391616821289 0.03357100486755371 0.03548288345336914 0.0521700382232666 0.08675193786621094 0.06428694725036621 0.054100990295410156 0.053266048431396484
-1.0 0.03331804275512695 0.036572933197021484 0.03583884239196777 0.034909963607788086 0.07548093795776367 0.02732992172241211 0.029927968978881836 0.03136897087097168 0.0534520149230957
-1.0 0.04730105400085449 0.05177617073059082 0.06560802459716797 0.04816412925720215 0.017165184020996094 0.0489192008972168 0.050756216049194336 0.020127058029174805 0.05435299873352051
-1.0 0.10771298408508301 0.01476597785949707 0.018038034439086914 0.016893863677978516 0.01894688606262207 0.024068832397460938 0.021185874938964844 0.01973104476928711 0.011078834533691406
-1.0 0.01623702049255371 0.01881098747253418 0.01669597625732422 0.017475128173828125 0.02186417579650879 0.01817798614501953 0.01029515266418457 0.014260053634643555 0.02255105972290039
-1.0 0.02956700325012207 0.03403615951538086 0.021467208862304688 0.028016090393066406 0.031867027282714844 0.04320502281188965 0.023932218551635742 0.04673314094543457 0.030814170837402344
-1.0 0.021283864974975586 0.02051997184753418 0.0191648006439209 0.01958298683166504 0.023910999298095703 0.016680002212524414 0.01758599281311035 0.028325796127319336 0.025068998336791992
-1.0 0.018884897232055664 0.01947498321533203 0.017631053924560547 0.023819923400878906 0.016824960708618164 0.018229961395263672 0.012810945510864258 0.015887022018432617 0.06246495246887207
-1.0 0.021981000900268555 0.01635003089904785 0.01137995719909668 0.020628929138183594 0.019765853881835938 0.014370918273925781 0.025125980377197266 0.018459081649780273 0.017071962356567383
-1.0 0.0259249210357666 0.016678810119628906 0.029309988021850586 0.011236906051635742 0.017576932907104492 0.013752937316894531 0.018811941146850586 0.015360832214355469 0.0159909725189209
-1.0 0.027515172958374023 0.02637314796447754 0.04177498817443848 0.02530813217163086 0.030941009521484375 0.028210163116455078 0.022173166275024414 0.02388310432434082 0.022982120513916016
-1.0 0.018527984619140625 0.021592140197753906 0.012585163116455078 0.010096073150634766 0.022758960723876953 0.01388096809387207 0.02061605453491211 0.016071081161499023 0.017297983169555664
-1.0 0.014575004577636719 0.020720958709716797 0.011685848236083984 0.017750978469848633 0.019131898880004883 0.03282594680786133 0.0235288143157959 0.021680831909179688 0.022670984268188477
-1.0 0.02498912811279297 0.026136159896850586 0.036808013916015625 0.028413057327270508 0.027148008346557617 0.027811050415039062 0.05440807342529297 0.026557207107543945 0.0240020751953125
-1.0 0.03083205223083496 0.026150941848754883 0.03299403190612793 0.027426958084106445 0.029468059539794922 0.02819204330444336 0.07191109657287598 0.031796932220458984 0.025497913360595703
-1.0 0.02084803581237793 0.017663002014160156 0.014745950698852539 0.011454105377197266 0.02210402488708496 0.01675701141357422 0.018577098846435547 0.019522905349731445 0.015384912490844727
-1.0 0.010230064392089844 0.022958040237426758 0.013913154602050781 0.022125959396362305 0.019880056381225586 0.0302581787109375 0.01609516143798828 0.017889976501464844 0.018841028213500977
-1.0 0.015230178833007812 0.013239145278930664 0.01720404624938965 0.015847206115722656 0.020055055618286133 0.018755197525024414 0.02157902717590332 0.02228999137878418 0.010281085968017578
-1.0 0.01585102081298828 0.019153118133544922 0.021059036254882812 0.017754077911376953 0.02185797691345215 0.020101070404052734 0.032788991928100586 0.01218104362487793 0.014084100723266602
-1.0 0.023514986038208008 0.024153947830200195 0.04879307746887207 0.02484607696533203 0.025484085083007812 0.02198195457458496 0.02046513557434082 0.02261805534362793 0.0514371395111084
-1.0 0.04255199432373047 0.012455940246582031 0.01749897003173828 0.01619100570678711 0.03839111328125 0.026353120803833008 0.01689004898071289 0.027153968811035156 0.015546083450317383
-1.0 0.02678680419921875 0.0164639949798584 0.01905679702758789 0.017079830169677734 0.020534992218017578 0.02124786376953125 0.017970800399780273 0.027592897415161133 0.01343679428100586
-1.0 0.037657976150512695 0.011933088302612305 0.01601099967956543 0.01662898063659668 0.0383000373840332 0.03487896919250488 0.035781145095825195 0.033941030502319336 0.1253371238708496
-1.0 0.027419090270996094 0.025322914123535156 0.044039011001586914 0.04491591453552246 0.023073911666870117 0.021306991577148438 0.02394700050354004 0.05260896682739258 0.0551450252532959
-1.0 0.01929020881652832 0.15503621101379395 0.018464088439941406 0.010726213455200195 0.011910200119018555 0.02110004425048828 0.01757216453552246 0.01392507553100586 0.016041994094848633
-1.0 0.0867009162902832 0.06106686592102051 0.04239201545715332 0.061738014221191406 0.04406094551086426 0.04313182830810547 0.06856393814086914 0.01041102409362793 0.04175686836242676
-1.0 0.011554956436157227 0.03476977348327637 0.1299729347229004 0.015260934829711914 0.03412890434265137 0.03344893455505371 0.03203988075256348 0.032826900482177734 0.044110774993896484
-1.0 0.017642974853515625 0.018635988235473633 0.016052961349487305 0.01661515235900879 0.01454615592956543 0.019479036331176758 0.02075505256652832 0.012459039688110352 0.022706985473632812
-1.0 0.018516063690185547 0.014690160751342773 0.019224166870117188 0.01958012580871582 0.028603076934814453 0.0204770565032959 0.021694183349609375 0.02109503746032715 0.010737180709838867
-1.0 0.03335905075073242 0.03532600402832031 0.015676021575927734 0.03257608413696289 0.03403115272521973 0.03472614288330078 0.010350227355957031 0.01448202133178711 0.058367013931274414
-1.0 0.011114120483398438 0.03193402290344238 0.03441309928894043 0.03239297866821289 0.013962984085083008 0.05037093162536621 0.04014992713928223 0.03304791450500488 0.0337529182434082
-1.0 0.02067708969116211 0.02518296241760254 0.023407936096191406 0.02386307716369629 0.02159404754638672 0.1002199649810791 0.02454209327697754 0.017960071563720703 0.032295942306518555
-1.0 0.01994013786315918 0.02370595932006836 0.013072013854980469 0.01468205451965332 0.018262147903442383 0.0167081356048584 0.019011974334716797 0.021586179733276367 0.017590045928955078
-1.0 0.02914595603942871 0.050254106521606445 0.04016900062561035 0.03206205368041992 0.030820131301879883 0.029567956924438477 0.030144929885864258 0.03140592575073242 0.010888099670410156
-1.0 0.017452001571655273 0.019418954849243164 0.011433839797973633 0.014651775360107422 0.05196499824523926 0.01595592498779297 0.018848896026611328 0.018031835556030273 0.04390597343444824
-1.0 0.014505863189697266 0.011834859848022461 0.019353866577148438 0.016331911087036133 0.018468856811523438 0.025445938110351562 0.017062902450561523 0.020929813385009766 0.03694891929626465
-1.0 0.019316911697387695 0.024365901947021484 0.016835927963256836 0.024837017059326172 0.017770051956176758 0.019938945770263672 0.03033900260925293 0.020839929580688477 0.021567106246948242
-1.0 0.017657041549682617 0.016398191452026367 0.01873922348022461 0.009593009948730469 0.1026010513305664 0.013911008834838867 0.020702123641967773 0.019614219665527344 0.023563146591186523
-1.0 0.01915907859802246 0.018500089645385742 0.02525496482849121 0.015377998352050781 0.017235994338989258 0.017846107482910156 0.02238011360168457 0.01335597038269043 0.01976490020751953
-1.0 0.0818488597869873 0.010909795761108398 0.07665491104125977 0.07876777648925781 0.11216282844543457 0.07939291000366211 0.08054780960083008 0.08998680114746094 0.07966494560241699
-1.0 0.03602886199951172 0.03741598129272461 0.04283499717712402 0.0384669303894043 0.05240988731384277 0.041815996170043945 0.040570974349975586 0.055258989334106445 0.04349780082702637
-1.0 0.03238415718078613 0.06567907333374023 0.011137008666992188 0.08267903327941895 0.06722402572631836 0.01342010498046875 0.01510000228881836 0.015703201293945312 0.06476116180419922
-1.0 0.014973878860473633 0.016309022903442383 0.01699686050415039 0.01835489273071289 0.017642974853515625 0.015498876571655273 0.020923852920532227 0.011832952499389648 0.021773815155029297
-1.0 0.013751029968261719 0.014251947402954102 0.015720844268798828 0.01601099967956543 0.034050941467285156 0.05353593826293945 0.03475594520568848 0.0390629768371582 0.03310704231262207
-1.0 0.014026880264282227 0.02834606170654297 0.02054309844970703 0.024890899658203125 0.019917964935302734 0.016746997833251953 0.0177609920501709 0.010946035385131836 0.019063949584960938
-1.0 0.018184185028076172 0.01524806022644043 0.02031397819519043 0.011272192001342773 0.03345513343811035 0.019047021865844727 0.0197141170501709 0.026916980743408203 0.017750978469848633
-1.0 0.03718900680541992 0.03826904296875 0.03985404968261719 0.03854107856750488 0.11191606521606445 0.039222002029418945 0.06401515007019043 0.036106109619140625 0.03656911849975586
-1.0 0.04349803924560547 0.036090850830078125 0.03468203544616699 0.027905941009521484 0.025117874145507812 0.031314849853515625 0.02890491485595703 0.03341794013977051 0.03385591506958008
-1.0 0.016726970672607422 0.019984960556030273 0.011653900146484375 0.025233030319213867 0.014394998550415039 0.018789052963256836 0.01733708381652832 0.019184112548828125 0.026220083236694336
-1.0 0.01916193962097168 0.011700868606567383 0.020978927612304688 0.014597892761230469 0.020380020141601562 0.02439093589782715 0.017827987670898438 0.01847386360168457 0.019743919372558594
-1.0 0.019865036010742188 0.1119990348815918 0.02086806297302246 0.02218794822692871 0.021507978439331055 0.013843059539794922 0.022839069366455078 0.02831411361694336 0.01469111442565918
-1.0 0.061884164810180664 0.03191208839416504 0.03227400779724121 0.03380894660949707 0.010164976119995117 0.029562950134277344 0.03327512741088867 0.030236005783081055 0.03050398826599121
-1.0 0.020389080047607422 0.014893054962158203 0.017629146575927734 0.009305000305175781 0.012532949447631836 0.019690990447998047 0.023313045501708984 0.016096115112304688 0.02712702751159668
-1.0 0.01816415786743164 0.019659042358398438 0.01882004737854004 0.022693157196044922 0.02121114730834961 0.023607969284057617 0.024454116821289062 0.034559011459350586 0.026128053665161133
-1.0 0.03447103500366211 0.05458402633666992 0.042559146881103516 0.017016172409057617 0.0448150634765625 0.017786026000976562 0.010824203491210938 0.016072988510131836 0.014181137084960938
-1.0 0.013972043991088867 0.020411968231201172 0.029429912567138672 0.018158912658691406 0.025410890579223633 0.02101302146911621 0.01607799530029297 0.01897406578063965 0.019839048385620117
-1.0 0.029119014739990234 0.01930999755859375 0.02079606056213379 0.021813154220581055 0.01530003547668457 0.028255224227905273 0.010515213012695312 0.02303004264831543 0.017988204956054688
-1.0 0.01609182357788086 0.01833796501159668 0.01764392852783203 0.010687828063964844 0.020430803298950195 0.03086090087890625 0.01954197883605957 0.016765832901000977 0.021945953369140625
-1.0 0.011940956115722656 0.019778966903686523 0.014142990112304688 0.021791934967041016 0.015624046325683594 0.016301870346069336 0.032968997955322266 0.017683029174804688 0.018976926803588867
-1.0 0.019894123077392578 0.021409988403320312 0.013996124267578125 0.011487007141113281 0.0261991024017334 0.01581406593322754 0.027315139770507812 0.020709991455078125 0.017786026000976562
-1.0 0.017667055130004883 0.02320098876953125 0.018453121185302734 0.011106014251708984 0.013580083847045898 0.01666998863220215 0.02403402328491211 0.021149158477783203 0.015896081924438477
-1.0 0.02250218391418457 0.011214017868041992 0.02144908905029297 0.018603086471557617 0.04098701477050781 0.01575303077697754 0.019221067428588867 0.019698143005371094 0.02043604850769043
-1.0 0.056210994720458984 0.056944847106933594 0.03741002082824707 0.054039955139160156 0.035550832748413086 0.054997920989990234 0.058377981185913086 0.08237099647521973 0.05560302734375
-1.0 0.018850088119506836 0.019833087921142578 0.01783013343811035 0.020824909210205078 0.03220200538635254 0.02156805992126465 0.0160980224609375 0.01344609260559082 0.009278059005737305
-1.0 0.02140522003173828 0.010288000106811523 0.018644094467163086 0.013912200927734375 0.02218914031982422 0.020539045333862305 0.023945093154907227 0.016784191131591797 0.019134998321533203
-1.0 0.016909122467041016 0.02581000328063965 0.015321969985961914 0.018545150756835938 0.011590957641601562 0.015758991241455078 0.0191800594329834 0.017876148223876953 0.024667024612426758
-1.0 0.03305697441101074 0.033747196197509766 0.034420013427734375 0.10637021064758301 0.09514904022216797 0.03504204750061035 0.01256108283996582 0.013190031051635742 0.03214120864868164
-1.0 0.033154964447021484 0.02866506576538086 0.032473087310791016 0.030581951141357422 0.009599924087524414 0.029623031616210938 0.16558504104614258 0.03161191940307617 0.03634810447692871
-1.0 0.020563125610351562 0.016918182373046875 0.014362096786499023 0.018151044845581055 0.025616168975830078 0.019955158233642578 0.019273996353149414 0.024593114852905273 0.011627197265625
-1.0 0.018606901168823242 0.020617008209228516 0.024528980255126953 0.015669822692871094 0.012305974960327148 0.020083904266357422 0.028422832489013672 0.016862869262695312 0.019192934036254883
-1.0 0.08080911636352539 0.012000083923339844 0.03263497352600098 0.030349016189575195 0.03102898597717285 0.03362417221069336 0.04094099998474121 0.03182196617126465 0.03432297706604004
-1.0 0.018776893615722656 0.017001867294311523 0.015265941619873047 0.02134084701538086 0.017605066299438477 0.015954971313476562 0.02263784408569336 0.011581897735595703 0.01987004280090332
-1.0 0.03084397315979004 0.013434171676635742 0.019340991973876953 0.016056060791015625 0.017171144485473633 0.018429040908813477 0.03003716468811035 0.020193099975585938 0.010523080825805664
-1.0 0.02128005027770996 0.011403083801269531 0.019865036010742188 0.014654874801635742 0.037901878356933594 0.017240047454833984 0.018791913986206055 0.02068495750427246 0.025202035903930664
-1.0 0.03206014633178711 0.01884603500366211 0.018241167068481445 0.014760017395019531 0.016160011291503906 0.02399420738220215 0.017516136169433594 0.01683211326599121 0.010964155197143555
-1.0 0.021064043045043945 0.02179121971130371 0.011088132858276367 0.015873193740844727 0.014188051223754883 0.018110036849975586 0.01618504524230957 0.016895055770874023 0.017510175704956055
-1.0 0.02855515480041504 0.02453899383544922 0.035176992416381836 0.016245126724243164 0.01797795295715332 0.020751953125 0.023890018463134766 0.018563032150268555 0.019650936126708984
-1.0 0.03166604042053223 0.0296480655670166 0.03032994270324707 0.044812917709350586 0.037425994873046875 0.03095698356628418 0.012847900390625 0.014127969741821289 0.02875804901123047
-1.0 0.03160691261291504 0.04907488822937012 0.03183293342590332 0.02602100372314453 0.03295493125915527 0.027554035186767578 0.02945089340209961 0.03032708168029785 0.033171892166137695
-1.0 0.02010798454284668 0.01919102668762207 0.028502941131591797 0.012499809265136719 0.01392984390258789 0.018105030059814453 0.016592025756835938 0.025004863739013672 0.02077794075012207
-1.0 0.01701807975769043 0.023797035217285156 0.01329803466796875 0.018766164779663086 0.017834186553955078 0.022655010223388672 0.015455961227416992 0.01614999771118164 0.01940298080444336
-1.0 0.0240018367767334 0.01936793327331543 0.014015913009643555 0.018672943115234375 0.016338825225830078 0.019986867904663086 0.017670869827270508 0.025202035903930664 0.010536909103393555
-1.0 0.016459941864013672 0.022125959396362305 0.03448200225830078 0.01802802085876465 0.0200498104095459 0.018800973892211914 0.033879995346069336 0.015709877014160156 0.021402835845947266
-1.0 0.036041975021362305 0.010553836822509766 0.018021821975708008 0.01740288734436035 0.013908863067626953 0.01613903045654297 0.0167388916015625 0.08655285835266113 0.018672943115234375
-1.0 0.030328989028930664 0.028350114822387695 0.029024124145507812 0.031071186065673828 0.0328061580657959 0.047080039978027344 0.03340911865234375 0.03202199935913086 0.04496502876281738
-1.0 0.013250112533569336 0.01745915412902832 0.025020122528076172 0.015662193298339844 0.016201019287109375 0.018113136291503906 0.016834020614624023 0.020548105239868164 0.010235071182250977
-1.0 0.03242897987365723 0.034253835678100586 0.0350799560546875 0.0504758358001709 0.03585982322692871 0.016932964324951172 0.03354382514953613 0.03289079666137695 0.05248594284057617
-1.0 0.01717996597290039 0.018053054809570312 0.018661022186279297 0.02198505401611328 0.021190166473388672 0.020288944244384766 0.01620316505432129 0.019382953643798828 0.013234138488769531
-1.0 0.02814507484436035 0.0327911376953125 0.12266898155212402 0.02944207191467285 0.03630995750427246 0.031800031661987305 0.030607938766479492 0.009443998336791992 0.03346109390258789
-1.0 0.020203113555908203 0.02245807647705078 0.01406097412109375 0.010492086410522461 0.016865015029907227 0.021481037139892578 0.01761007308959961 0.023504018783569336 0.018897056579589844
-1.0 0.017629146575927734 0.015084981918334961 0.0191650390625 0.020864009857177734 0.01829695701599121 0.02280712127685547 0.011717081069946289 0.020015954971313477 0.021461009979248047
-1.0 0.045454978942871094 0.04690098762512207 0.048590898513793945 0.052060842514038086 0.04720592498779297 0.04958081245422363 0.04791402816772461 0.02837085723876953 0.06281089782714844
-1.0 0.021493911743164062 0.014729022979736328 0.02877497673034668 0.01667308807373047 0.015538930892944336 0.01813793182373047 0.02087998390197754 0.009706974029541016 0.017467021942138672
-1.0 0.012572050094604492 0.020042896270751953 0.021070003509521484 0.017236948013305664 0.01918506622314453 0.018281936645507812 0.022190093994140625 0.016234874725341797 0.03513193130493164
-1.0 0.01776289939880371 0.025096893310546875 0.018850088119506836 0.01146697998046875 0.014123916625976562 0.016048908233642578 0.021145105361938477 0.020535945892333984 0.019731998443603516
-1.0 0.026385068893432617 0.024729013442993164 0.039205074310302734 0.029275178909301758 0.02786111831665039 0.027012109756469727 0.02279496192932129 0.03947615623474121 0.02869105339050293
-1.0 0.020539045333862305 0.023962974548339844 0.02151799201965332 0.02733302116394043 0.01688408851623535 0.01738595962524414 0.030354976654052734 0.019669055938720703 0.01857304573059082
-1.0 0.018337011337280273 0.017698049545288086 0.021231889724731445 0.016273975372314453 0.025131940841674805 0.013195991516113281 0.019006967544555664 0.019604921340942383 0.016897916793823242
-1.0 0.038659095764160156 0.03197908401489258 0.033271074295043945 0.0466001033782959 0.03266310691833496 0.031291961669921875 0.011435985565185547 0.033917903900146484 0.030282974243164062
-1.0 0.023202896118164062 0.019073009490966797 0.016412019729614258 0.015166997909545898 0.012902021408081055 0.016689062118530273 0.02104806900024414 0.017988920211791992 0.017354965209960938
-1.0 0.028057098388671875 0.02436995506286621 0.028809070587158203 0.029844999313354492 0.030685901641845703 0.0431361198425293 0.05702495574951172 0.03135800361633301 0.021764039993286133
-1.0 0.02473616600036621 0.06384015083312988 0.023411035537719727 0.025398969650268555 0.026278972625732422 0.029738187789916992 0.02767801284790039 0.022160053253173828 0.027086973190307617
-1.0 0.024319887161254883 0.03507184982299805 0.03532099723815918 0.025587797164916992 0.025000810623168945 0.019253015518188477 0.02188396453857422 0.022850990295410156 0.023404836654663086
-1.0 0.02106308937072754 0.016479015350341797 0.01689600944519043 0.028725147247314453 0.020388126373291016 0.03254199028015137 0.009896039962768555 0.014545202255249023 0.018256187438964844
-1.0 0.01124119758605957 0.02114105224609375 0.013557195663452148 0.015354156494140625 0.01597309112548828 0.017846107482910156 0.01662611961364746 0.022274017333984375 0.017222166061401367
-1.0 0.06090903282165527 0.06650590896606445 0.028856992721557617 0.06016802787780762 0.030315876007080078 0.03068995475769043 0.031642913818359375 0.0325770378112793 0.06779289245605469
-1.0 0.026606082916259766 0.017869949340820312 0.012377023696899414 0.015133142471313477 0.015902042388916016 0.02218794822692871 0.016611099243164062 0.017213106155395508 0.018507957458496094
-1.0 0.030272960662841797 0.010001897811889648 0.028477907180786133 0.02501702308654785 0.026499032974243164 0.21583890914916992 0.03212285041809082 0.029104948043823242 0.027098894119262695
-1.0 0.013831138610839844 0.011201143264770508 0.019102096557617188 0.016052961349487305 0.023328065872192383 0.018463134765625 0.016746997833251953 0.01778411865234375 0.02569103240966797
-1.0 0.03183603286743164 0.014415979385375977 0.01239013671875 0.031100034713745117 0.03029012680053711 0.03835892677307129 0.03312492370605469 0.03246498107910156 0.042372941970825195
-1.0 0.02236485481262207 0.0464630126953125 0.031381845474243164 0.023663997650146484 0.029008865356445312 0.029732942581176758 0.0275118350982666 0.03187894821166992 0.062378883361816406
-1.0 0.01913595199584961 0.0181429386138916 0.015380859375 0.014067888259887695 0.019840002059936523 0.02872490882873535 0.011751890182495117 0.01722407341003418 0.01633596420288086
-1.0 0.07903003692626953 0.10913896560668945 0.07955694198608398 0.09640312194824219 0.07636404037475586 0.10843992233276367 0.07761907577514648 0.09745407104492188 0.09688591957092285
-1.0 0.018685102462768555 0.023010969161987305 0.024039030075073242 0.020416975021362305 0.019523143768310547 0.014714956283569336 0.017774105072021484 0.015948057174682617 0.016950130462646484
-1.0 0.011270999908447266 0.02011895179748535 0.021505117416381836 0.014060020446777344 0.01648402214050293 0.01718902587890625 0.018008947372436523 0.03150796890258789 0.018847942352294922
-1.0 0.018069028854370117 0.016024112701416016 0.02138996124267578 0.01874995231628418 0.013214111328125 0.023437023162841797 0.019362926483154297 0.016640901565551758 0.017421960830688477
-1.0 0.02507781982421875 0.01926898956298828 0.02104783058166504 0.02432990074157715 0.02578878402709961 0.019919872283935547 0.01725292205810547 0.05669093132019043 0.08065581321716309
-1.0 0.02900099754333496 0.02788686752319336 0.03006291389465332 0.0294339656829834 0.03656888008117676 0.03124690055847168 0.030624866485595703 0.03911089897155762 0.026819944381713867
-1.0 0.03540802001953125 0.050454139709472656 0.03367209434509277 0.03713703155517578 0.03988194465637207 0.04061007499694824 0.033143043518066406 0.03160905838012695 0.03823113441467285
-1.0 0.024888038635253906 0.05623006820678711 0.01982903480529785 0.06442594528198242 0.025597095489501953 0.0493929386138916 0.04643702507019043 0.04731106758117676 0.022416114807128906
-1.0 0.06808781623840332 0.03256702423095703 0.031045913696289062 0.03345799446105957 0.060098886489868164 0.011080026626586914 0.0292508602142334 0.030133962631225586 0.0328519344329834
-1.0 0.021151065826416016 0.04756498336791992 0.02463221549987793 0.02610301971435547 0.029075145721435547 0.08872103691101074 0.03004908561706543 0.046996116638183594 0.02789020538330078
-1.0 0.14785003662109375 0.014899015426635742 0.018861055374145508 0.01800394058227539 0.019813060760498047 0.011230945587158203 0.023109912872314453 0.021613121032714844 0.017275094985961914
-1.0 0.013399839401245117 0.016932010650634766 0.018716812133789062 0.020907878875732422 0.02845597267150879 0.01440882682800293 0.01990985870361328 0.021683931350708008 0.02916097640991211
-1.0 0.021373987197875977 0.021978139877319336 0.02294015884399414 0.024355173110961914 0.029461145401000977 0.023767948150634766 0.03787803649902344 0.017774105072021484 0.01956796646118164
-1.0 0.01920485496520996 0.03884291648864746 0.0210418701171875 0.019990921020507812 0.024832963943481445 0.014662981033325195 0.01540994644165039 0.017123937606811523 0.01807999610900879
-1.0 0.05129599571228027 0.05186200141906738 0.01688218116760254 0.05316805839538574 0.06622719764709473 0.05016207695007324 0.06686115264892578 0.05256199836730957 0.050701141357421875
-1.0 0.02395319938659668 0.012041091918945312 0.017971038818359375 0.015526056289672852 0.021214008331298828 0.016527175903320312 0.01738715171813965 0.01935410499572754 0.01862502098083496
-1.0 0.02473592758178711 0.025923967361450195 0.02656388282775879 0.024074077606201172 0.0881049633026123 0.022099971771240234 0.09074687957763672 0.02533888816833496 0.02349400520324707
-1.0 0.03967404365539551 0.03249406814575195 0.026678085327148438 0.02936410903930664 0.030073165893554688 0.028144121170043945 0.0216372013092041 0.022778034210205078 0.02491307258605957
-1.0 0.017600059509277344 0.020398855209350586 0.022840023040771484 0.012541055679321289 0.019201040267944336 0.014584064483642578 0.018384933471679688 0.016170024871826172 0.01680302619934082
-1.0 0.038279056549072266 0.06679797172546387 0.040170907974243164 0.04142498970031738 0.038854122161865234 0.04081606864929199 0.03953695297241211 0.01065206527709961 0.14266300201416016
-1.0 0.0213010311126709 0.019418954849243164 0.020430803298950195 0.010458946228027344 0.02262401580810547 0.01778697967529297 0.1440579891204834 0.018390893936157227 0.04834580421447754
-1.0 0.024341106414794922 0.03032517433166504 0.022058963775634766 0.04111313819885254 0.028678178787231445 0.025510072708129883 0.026957988739013672 0.04427504539489746 0.029217004776000977
-1.0 0.025964975357055664 0.026846885681152344 0.020678997039794922 0.1531999111175537 0.02393507957458496 0.022382020950317383 0.02486705780029297 0.0509190559387207 0.019709110260009766
-1.0 0.018481016159057617 0.02179408073425293 0.01658010482788086 0.011548042297363281 0.02583003044128418 0.014539957046508789 0.022909164428710938 0.01749897003173828 0.0157620906829834
-1.0 0.07266497611999512 0.033030033111572266 0.0339360237121582 0.034689903259277344 0.015829086303710938 0.011464118957519531 0.0353240966796875 0.015106916427612305 0.07541990280151367
-1.0 0.03170895576477051 0.029510974884033203 0.02990579605102539 0.0364079475402832 0.040164947509765625 0.030777931213378906 0.033303022384643555 0.03440284729003906 0.009907007217407227
-1.0 0.025005102157592773 0.015789031982421875 0.017561912536621094 0.020921945571899414 0.0166928768157959 0.011246919631958008 0.018383026123046875 0.01904606819152832 0.015050888061523438
-1.0 0.03226780891418457 0.031665802001953125 0.04820394515991211 0.03037881851196289 0.030818939208984375 0.03870987892150879 0.031099796295166016 0.02872180938720703 0.011130809783935547
-1.0 0.02512192726135254 0.026018857955932617 0.05946803092956543 0.028187036514282227 0.0272519588470459 0.057919979095458984 0.029001951217651367 0.021350860595703125 0.022655963897705078
-1.0 0.10041594505310059 0.07470512390136719 0.03589010238647461 0.03658008575439453 0.010491132736206055 0.038043975830078125 0.03516507148742676 0.037310123443603516 0.013623952865600586
-1.0 0.029821157455444336 0.031493186950683594 0.05367708206176758 0.05427908897399902 0.054939985275268555 0.0343170166015625 0.13524508476257324 0.05688309669494629 0.05257010459899902
-1.0 0.025989055633544922 0.017518997192382812 0.025177001953125 0.01624298095703125 0.019364118576049805 0.01999807357788086 0.01217198371887207 0.014699935913085938 0.01846003532409668
-1.0 0.018129825592041016 0.01874995231628418 0.020419836044311523 0.07835888862609863 0.019474029541015625 0.010737895965576172 0.04833102226257324 0.021091938018798828 0.016783952713012695
-1.0 0.03207707405090332 0.03139901161193848 0.030293941497802734 0.050833940505981445 0.04832816123962402 0.011482000350952148 0.02892899513244629 0.030642032623291016 0.07444214820861816
-1.0 0.01597285270690918 0.013754844665527344 0.1114809513092041 0.022172927856445312 0.11339902877807617 0.016258955001831055 0.01691293716430664 0.02123093605041504 0.010080814361572266
-1.0 0.0175931453704834 0.019128084182739258 0.021749019622802734 0.023939132690429688 0.01267099380493164 0.016735076904296875 0.021090984344482422 0.01589798927307129 0.018424034118652344
-1.0 0.02759408950805664 0.04288506507873535 0.0282289981842041 0.03477907180786133 0.029644012451171875 0.028851032257080078 0.03163504600524902 0.025156021118164062 0.027050018310546875
-1.0 0.02350902557373047 0.026775121688842773 0.025562047958374023 0.028886079788208008 0.028187036514282227 0.02424907684326172 0.02756500244140625 0.02163100242614746 0.11871814727783203
-1.0 0.03287196159362793 0.04437899589538574 0.03539395332336426 0.03370189666748047 0.048948049545288086 0.02920699119567871 0.030585050582885742 0.03459787368774414 0.03164196014404297
-1.0 0.02031397819519043 0.01645207405090332 0.027637958526611328 0.03136897087097168 0.009794950485229492 0.017091035842895508 0.018337011337280273 0.019562959671020508 0.013914108276367188
-1.0 0.015141010284423828 0.011553049087524414 0.02277088165283203 0.016946077346801758 0.01612091064453125 0.01935601234436035 0.01764392852783203 0.018538951873779297 0.02055501937866211
-1.0 0.040199995040893555 0.029695987701416016 0.031096935272216797 0.03231501579284668 0.03169989585876465 0.03528094291687012 0.0279538631439209 0.026405811309814453 0.030364990234375
-1.0 0.03709912300109863 0.037850141525268555 0.039283037185668945 0.06186103820800781 0.03506803512573242 0.040316104888916016 0.04110217094421387 0.04171013832092285 0.06663203239440918
-1.0 0.028269052505493164 0.026643991470336914 0.025552034378051758 0.029792070388793945 0.027431964874267578 0.022788047790527344 0.023617982864379883 0.04134702682495117 0.024179935455322266
-1.0 0.016715049743652344 0.0178680419921875 0.018793106079101562 0.10600805282592773 0.021873950958251953 0.011790037155151367 0.014641046524047852 0.02119302749633789 0.015758991241455078
-1.0 0.011211872100830078 0.02733302116394043 0.013931035995483398 0.016038894653320312 0.023248910903930664 0.016666889190673828 0.02078700065612793 0.017319917678833008 0.017921924591064453
-1.0 0.05462002754211426 0.06828594207763672 0.05694699287414551 0.05985689163208008 0.055552005767822266 0.058125972747802734 0.059040069580078125 0.0689840316772461 0.05382800102233887
-1.0 0.0212709903717041 0.015202045440673828 0.012438058853149414 0.01677989959716797 0.01862192153930664 0.02062392234802246 0.01968693733215332 0.0177609920501709 0.02439093589782715
-1.0 0.01625204086303711 0.01932501792907715 0.010877132415771484 0.01433110237121582 0.01831197738647461 0.029000043869018555 0.017086029052734375 0.028072118759155273 0.020037174224853516
-1.0 0.0228729248046875 0.024634838104248047 0.02517104148864746 0.05232095718383789 0.03957104682922363 0.026519060134887695 0.03741598129272461 0.02725386619567871 0.02208089828491211
-1.0 0.14415502548217773 0.07811212539672852 0.08245396614074707 0.0766599178314209 0.07941198348999023 0.07857394218444824 0.08094000816345215 0.09626889228820801 0.0815129280090332
-1.0 0.01915907859802246 0.03349900245666504 0.0215151309967041 0.010317087173461914 0.019829988479614258 0.02406907081604004 0.023075103759765625 0.01743316650390625 0.02485799789428711
-1.0 0.04420804977416992 0.05619692802429199 0.013078927993774414 0.019218921661376953 0.016834020614624023 0.040025949478149414 0.017447948455810547 0.01817798614501953 0.009502887725830078
-1.0 0.0198519229888916 0.018162012100219727 0.0107269287109375 0.02435588836669922 0.013994932174682617 0.01844501495361328 0.019184112548828125 0.02161693572998047 0.016412019729614258
-1.0 0.03991222381591797 0.05242919921875 0.036405086517333984 0.010385990142822266 0.013732194900512695 0.03354620933532715 0.03540205955505371 0.034432172775268555 0.0325620174407959
-1.0 0.033889055252075195 0.03670692443847656 0.038255929946899414 0.014786958694458008 0.032788991928100586 0.09424304962158203 0.034922122955322266 0.03574109077453613 0.04016304016113281
-1.0 0.015828847885131836 0.01611781120300293 0.02126002311706543 0.016760826110839844 0.018039941787719727 0.02058696746826172 0.012284994125366211 0.01740288734436035 0.014278888702392578
-1.0 0.0271148681640625 0.02825307846069336 0.030571937561035156 0.023294925689697266 0.05678296089172363 0.024777889251708984 0.02533698081970215 0.028914928436279297 0.026300907135009766
-1.0 0.017657995223999023 0.01379704475402832 0.02196502685546875 0.01872992515563965 0.020215988159179688 0.02909994125366211 0.016597986221313477 0.01955699920654297 0.010211944580078125
-1.0 0.03196406364440918 0.029805898666381836 0.03693985939025879 0.03588294982910156 0.030792951583862305 0.03023505210876465 0.032247066497802734 0.033453941345214844 0.011060953140258789
-1.0 0.04695296287536621 0.016072988510131836 0.01769113540649414 0.01073908805847168 0.019283056259155273 0.04399299621582031 0.013863086700439453 0.018537044525146484 0.0601191520690918
-1.0 0.030279159545898438 0.030924081802368164 0.02655315399169922 0.027981042861938477 0.028423070907592773 0.02903604507446289 0.060726165771484375 0.02966904640197754 0.03855299949645996
-1.0 0.018149852752685547 0.019908905029296875 0.02522897720336914 0.013429880142211914 0.016566038131713867 0.017308950424194336 0.020572900772094727 0.02608203887939453 0.019032955169677734
-1.0 0.014182090759277344 0.019019126892089844 0.016104936599731445 0.01696014404296875 0.018027067184448242 0.056175947189331055 0.02024102210998535 0.056858062744140625 0.011420965194702148
-1.0 0.03134584426879883 0.029324054718017578 0.02853989601135254 0.030698060989379883 0.030009984970092773 0.04207897186279297 0.010095834732055664 0.07794690132141113 0.006927967071533203
-1.0 0.018468141555786133 0.013576030731201172 0.019819021224975586 0.019160985946655273 0.021811962127685547 0.022951126098632812 0.017509937286376953 0.016538143157958984 0.010451078414916992
-1.0 0.010403871536254883 0.021522045135498047 0.02569103240966797 0.014368057250976562 0.01914691925048828 0.01702404022216797 0.019773006439208984 0.01846790313720703 0.017776012420654297
-1.0 0.019789934158325195 0.017787933349609375 0.019200801849365234 0.018634796142578125 0.025825977325439453 0.02945399284362793 0.010416984558105469 0.013463020324707031 0.01675581932067871
-1.0 0.027894020080566406 0.010757923126220703 0.014192819595336914 0.022629976272583008 0.017560958862304688 0.018411874771118164 0.019867897033691406 0.020781993865966797 0.01914501190185547
-1.0 0.009335041046142578 0.04106497764587402 0.01933598518371582 0.015964984893798828 0.016628026962280273 0.0203859806060791 0.017956972122192383 0.02160501480102539 0.01302790641784668
-1.0 0.01441192626953125 0.014802932739257812 0.016594886779785156 0.015824079513549805 0.02653193473815918 0.028007984161376953 0.01718306541442871 0.012875080108642578 0.010177850723266602
-1.0 0.012005805969238281 0.015349864959716797 0.01617598533630371 0.027830839157104492 0.01735401153564453 0.019574880599975586 0.020439863204956055 0.032022953033447266 0.018487930297851562
-1.0 0.03786015510559082 0.034559011459350586 0.03552699089050293 0.03608417510986328 0.08747601509094238 0.04166913032531738 0.08794617652893066 0.04080009460449219 0.0393061637878418
-1.0 0.014595985412597656 0.011147022247314453 0.027081966400146484 0.015516996383666992 0.019627094268798828 0.01646709442138672 0.0216519832611084 0.01732802391052246 0.018342018127441406
-1.0 0.020956039428710938 0.021291017532348633 0.03731703758239746 0.02397894859313965 0.018754959106445312 0.024944067001342773 0.026710033416748047 0.035359859466552734 0.02604508399963379
-1.0 0.018558025360107422 0.01762700080871582 0.01947188377380371 0.011133909225463867 0.02240896224975586 0.020418882369995117 0.01568007469177246 0.0211179256439209 0.01666092872619629
-1.0 0.017771005630493164 0.01705002784729004 0.010767936706542969 0.013747930526733398 0.022143840789794922 0.019841909408569336 0.02114391326904297 0.018475055694580078 0.015739917755126953
-1.0 0.01898193359375 0.028497934341430664 0.033963918685913086 0.0205690860748291 0.016054153442382812 0.017642974853515625 0.010687112808227539 0.01985907554626465 0.01392507553100586
-1.0 0.013806819915771484 0.014858007431030273 0.14760494232177734 0.024121999740600586 0.03191781044006348 0.0275418758392334 0.025868892669677734 0.010331869125366211 0.02931380271911621
-1.0 0.031579017639160156 0.013087987899780273 0.017132997512817383 0.015286922454833984 0.024389028549194336 0.018090009689331055 0.018904924392700195 0.020151853561401367 0.010326862335205078
-1.0 0.02511906623840332 0.026307106018066406 0.02657914161682129 0.1544640064239502 0.027305126190185547 0.028560161590576172 0.0279080867767334 0.05615711212158203 0.024305105209350586
-1.0 0.01767706871032715 0.01676011085510254 0.01850414276123047 0.014486074447631836 0.02162909507751465 0.011953115463256836 0.032022953033447266 0.01992011070251465 0.01551508903503418
-1.0 0.010703086853027344 0.013911962509155273 0.018207073211669922 0.016566038131713867 0.023453950881958008 0.03169107437133789 0.0168759822845459 0.01879096031188965 0.017575979232788086
-1.0 0.03722405433654785 0.016943931579589844 0.017746925354003906 0.04321599006652832 0.03572201728820801 0.03658604621887207 0.034728050231933594 0.03902292251586914 0.010560989379882812
-1.0 0.012855052947998047 0.01682901382446289 0.02752208709716797 0.03026103973388672 0.028489112854003906 0.030590057373046875 0.02530694007873535 0.02649712562561035 0.034136056900024414
-1.0 0.020750045776367188 0.017232894897460938 0.011381864547729492 0.032156944274902344 0.021374940872192383 0.018152952194213867 0.014937877655029297 0.019772052764892578 0.03281092643737793
-1.0 0.02915787696838379 0.1583390235900879 0.027992963790893555 0.05215096473693848 0.030206918716430664 0.03129982948303223 0.030622005462646484 0.048399925231933594 0.04868793487548828
-1.0 0.029815196990966797 0.011098146438598633 0.028559207916259766 0.048528194427490234 0.013940095901489258 0.03259706497192383 0.030463218688964844 0.029186010360717773 0.031058073043823242
-1.0 0.01880192756652832 0.017174959182739258 0.019444942474365234 0.015915870666503906 0.02501988410949707 0.013668060302734375 0.01804184913635254 0.01182699203491211 0.02182793617248535
-1.0 0.016360044479370117 0.022199153900146484 0.018671035766601562 0.017809152603149414 0.017058134078979492 0.019828081130981445 0.021458148956298828 0.010648012161254883 0.014710187911987305
-1.0 0.028630971908569336 0.030804157257080078 0.03104710578918457 0.02896904945373535 0.038481950759887695 0.026623964309692383 0.029664039611816406 0.07267403602600098 0.027430057525634766
-1.0 0.022901058197021484 0.013444900512695312 0.016191959381103516 0.01703810691833496 0.018227100372314453 0.018886089324951172 0.01956796646118164 0.020216941833496094 0.03743290901184082
-1.0 0.026885986328125 0.025120973587036133 0.0275270938873291 0.02613210678100586 0.03343009948730469 0.023017168045043945 0.022004127502441406 0.04751300811767578 0.02392101287841797
-1.0 0.02061605453491211 0.0162351131439209 0.016922950744628906 0.018371105194091797 0.021552085876464844 0.019626140594482422 0.02251911163330078 0.010210037231445312 0.014290094375610352
-1.0 0.036045074462890625 0.02119302749633789 0.023096084594726562 0.025578022003173828 0.023493051528930664 0.02369213104248047 0.017390966415405273 0.024410009384155273 0.02810192108154297
-1.0 0.019791841506958008 0.013022899627685547 0.014317035675048828 0.02561497688293457 0.14313697814941406 0.01605987548828125 0.019031047821044922 0.017398834228515625 0.010156869888305664
-1.0 0.01811385154724121 0.010917901992797852 0.021298885345458984 0.020084857940673828 0.015239953994750977 0.01919102668762207 0.02731490135192871 0.01719498634338379 0.01616501808166504
-1.0 0.015873193740844727 0.016798019409179688 0.028223037719726562 0.01857900619506836 0.010551214218139648 0.02170419692993164 0.020417213439941406 0.01768207550048828 0.0195310115814209
-1.0 0.017116785049438477 0.019255876541137695 0.017550945281982422 0.013880014419555664 0.02563190460205078 0.01986980438232422 0.010483980178833008 0.024805784225463867 0.018637895584106445
-1.0 0.0972599983215332 0.0853281021118164 0.08858203887939453 0.08574390411376953 0.08686304092407227 0.0861210823059082 0.0877389907836914 0.2792398929595947 0.08960509300231934
-1.0 0.021715164184570312 0.025519132614135742 0.026584148406982422 0.0284421443939209 0.029565095901489258 0.02892899513244629 0.024168014526367188 0.02346014976501465 0.030140161514282227
-1.0 0.016844987869262695 0.013169050216674805 0.01840996742248535 0.02495408058166504 0.015446901321411133 0.017132997512817383 0.02260303497314453 0.01779007911682129 0.019893884658813477
-1.0 0.011488914489746094 0.017940998077392578 0.025023937225341797 0.019156932830810547 0.020531892776489258 0.021737098693847656 0.022983074188232422 0.02422499656677246 0.1479809284210205
-1.0 0.022855043411254883 0.027742862701416016 0.02110886573791504 0.024895906448364258 0.025938987731933594 0.027045011520385742 0.10225391387939453 0.10330891609191895 0.023586034774780273
-1.0 0.026181936264038086 0.017264127731323242 0.018642902374267578 0.021704912185668945 0.019709110260009766 0.019076108932495117 0.02108907699584961 0.02549004554748535 0.0204160213470459
-1.0 0.015866994857788086 0.02488112449645996 0.018912076950073242 0.017345190048217773 0.018365144729614258 0.01760721206665039 0.010906219482421875 0.014750003814697266 0.05033302307128906
-1.0 0.0163419246673584 0.017182111740112305 0.0189969539642334 0.01962900161743164 0.018146991729736328 0.05574202537536621 0.0257570743560791 0.010760068893432617 0.014394998550415039
-1.0 0.028084993362426758 0.026221036911010742 0.02880406379699707 0.010627031326293945 0.07529401779174805 0.02487015724182129 0.055145978927612305 0.025503158569335938 0.027029991149902344
-1.0 0.01854395866394043 0.017921924591064453 0.015145063400268555 0.01585698127746582 0.020780086517333984 0.023730039596557617 0.017229080200195312 0.010540962219238281 0.01666092872619629
-1.0 0.051696062088012695 0.026427030563354492 0.04320120811462402 0.05460214614868164 0.05381417274475098 0.04464411735534668 0.04520916938781738 0.06260299682617188 0.050562143325805664
-1.0 0.036145925521850586 0.019693851470947266 0.01735091209411621 0.015239953994750977 0.018002986907958984 0.02056884765625 0.021826982498168945 0.011835813522338867 0.01879096031188965
-1.0 0.03408384323120117 0.04714679718017578 0.014712810516357422 0.01234889030456543 0.0168149471282959 0.017511844635009766 0.03508400917053223 0.03269481658935547 0.03178882598876953
-1.0 0.020663022994995117 0.02347397804260254 0.04189801216125488 0.04259490966796875 0.043376922607421875 0.07256507873535156 0.10692691802978516 0.04500603675842285 0.04424405097961426
-1.0 0.029229164123535156 0.02950310707092285 0.030133962631225586 0.03077101707458496 0.03142094612121582 0.04870295524597168 0.032073020935058594 0.011127948760986328 0.05111813545227051
-1.0 0.020167112350463867 0.01783609390258789 0.018522977828979492 0.025799989700317383 0.0165250301361084 0.03841209411621094 0.021464109420776367 0.02441692352294922 0.025170087814331055
-1.0 0.016438961029052734 0.026803016662597656 0.020756006240844727 0.022563934326171875 0.014955997467041016 0.017739057540893555 0.018984079360961914 0.02013707160949707 0.01014399528503418
-1.0 0.017359018325805664 0.02041006088256836 0.011465072631835938 0.027187108993530273 0.01832103729248047 0.019273996353149414 0.015355110168457031 0.016192913055419922 0.02297210693359375
-1.0 0.029853105545043945 0.03050398826599121 0.028142929077148438 0.04556894302368164 0.02867412567138672 0.031209945678710938 0.029243946075439453 0.04027509689331055 0.04074501991271973
-1.0 0.02599310874938965 0.03451418876647949 0.027006149291992188 0.028580188751220703 0.02920818328857422 0.023743152618408203 0.029760122299194336 0.030483007431030273 0.02512502670288086
-1.0 0.031471967697143555 0.028393030166625977 0.026998043060302734 0.030164003372192383 0.02733898162841797 0.02921009063720703 0.025370121002197266 0.03087615966796875 0.011638164520263672
-1.0 0.01077890396118164 0.014168977737426758 0.02146291732788086 0.017694950103759766 0.016408920288085938 0.025645971298217773 0.01704096794128418 0.018939971923828125 0.018284082412719727
-1.0 0.012333154678344727 0.022633075714111328 0.015746116638183594 0.016438007354736328 0.018763065338134766 0.019371986389160156 0.01730513572692871 0.01804804801940918 0.020861148834228516
-1.0 0.015810012817382812 0.02102494239807129 0.016258955001831055 0.017726898193359375 0.0187528133392334 0.01955699920654297 0.021977901458740234 0.011070966720581055 0.013691902160644531
-1.0 0.0175631046295166 0.010291099548339844 0.018720149993896484 0.014710187911987305 0.023350000381469727 0.01786518096923828 0.02258610725402832 0.02477717399597168 0.015681028366088867
-1.0 0.02427506446838379 0.017658233642578125 0.010111093521118164 0.0227200984954834 0.025091171264648438 0.01324915885925293 0.036376237869262695 0.015441179275512695 0.020133018493652344
-1.0 0.020269155502319336 0.01672220230102539 0.014293193817138672 0.015235185623168945 0.0179901123046875 0.01926112174987793 0.027135133743286133 0.02108001708984375 0.009859085083007812
-1.0 0.03821516036987305 0.027338027954101562 0.027615070343017578 0.02827906608581543 0.028944015502929688 0.029600143432617188 0.03027510643005371 0.04396796226501465 0.025907039642333984
-1.0 0.026829004287719727 0.02755594253540039 0.016115903854370117 0.019593000411987305 0.020241975784301758 0.018674850463867188 0.017364978790283203 0.011070013046264648 0.014868021011352539
-1.0 0.034996986389160156 0.032948970794677734 0.036147117614746094 0.03203916549682617 0.009991168975830078 0.036837100982666016 0.033590078353881836 0.034319162368774414 0.013755083084106445
-1.0 0.030033111572265625 0.027367115020751953 0.022764921188354492 0.026395082473754883 0.02881002426147461 0.04100394248962402 0.03160905838012695 0.023888111114501953 0.025910139083862305
-1.0 0.03403902053833008 0.010954141616821289 0.03221297264099121 0.04011201858520508 0.04985404014587402 0.03467607498168945 0.01431417465209961 0.03339219093322754 0.032790184020996094
-1.0 0.029135942459106445 0.026983976364135742 0.059250831604003906 0.027980804443359375 0.021931886672973633 0.023675918579101562 0.02442479133605957 0.029417991638183594 0.025799989700317383
-1.0 0.01798391342163086 0.01941394805908203 0.010123014450073242 0.021512985229492188 0.013425111770629883 0.02048206329345703 0.016067981719970703 0.031043052673339844 0.017075061798095703
-1.0 0.022654056549072266 0.027692079544067383 0.02319502830505371 0.04156208038330078 0.02498793601989746 0.025650978088378906 0.03517007827758789 0.02644205093383789 0.0270841121673584
-1.0 0.011774063110351562 0.03242993354797363 0.03472590446472168 0.04021000862121582 0.03533601760864258 0.033455848693847656 0.0936279296875 0.015079021453857422 0.034147024154663086
-1.0 0.017132043838500977 0.01465296745300293 0.02886795997619629 0.020136117935180664 0.017676115036010742 0.01939105987548828 0.01111292839050293 0.0186460018157959 0.02216815948486328
-1.0 0.018526077270507812 0.017529010772705078 0.022660017013549805 0.014724969863891602 0.011085033416748047 0.015757083892822266 0.020195960998535156 0.021029949188232422 0.022030115127563477
-1.0 0.019047021865844727 0.017167091369628906 0.01981210708618164 0.0231020450592041 0.02093195915222168 0.01745009422302246 0.018131017684936523 0.011933088302612305 0.015226125717163086
-1.0 0.027436017990112305 0.011423110961914062 0.016453027725219727 0.01902604103088379 0.017312049865722656 0.018188953399658203 0.030638933181762695 0.01975703239440918 0.015557050704956055
-1.0 0.01739788055419922 0.01374197006225586 0.01798701286315918 0.019069910049438477 0.0209810733795166 0.016726970672607422 0.023223876953125 0.010526895523071289 0.016077041625976562
-1.0 0.010780811309814453 0.01773691177368164 0.013955831527709961 0.015043973922729492 0.01650094985961914 0.015889883041381836 0.021571874618530273 0.017139911651611328 0.02089977264404297
-1.0 0.0204160213470459 0.010771036148071289 0.02236795425415039 0.017770051956176758 0.01812291145324707 0.01885986328125 0.014899969100952148 0.019459962844848633 0.02123093605041504
-1.0 0.04853391647338867 0.03204703330993652 0.032865047454833984 0.010869979858398438 0.015902042388916016 0.03415799140930176 0.03354310989379883 0.014291048049926758 0.04877805709838867
-1.0 0.014223814010620117 0.02220892906188965 0.017398834228515625 0.020931005477905273 0.01818990707397461 0.021684885025024414 0.01941394805908203 0.03101491928100586 0.010718822479248047
-1.0 0.03863096237182617 0.01760387420654297 0.03461003303527832 0.01789402961730957 0.05064892768859863 0.03516507148742676 0.036077022552490234 0.03657388687133789 0.0354459285736084
-1.0 0.01090693473815918 0.017208099365234375 0.013974905014038086 0.026823043823242188 0.02006697654724121 0.01918792724609375 0.018033981323242188 0.021604061126708984 0.01688694953918457
-1.0 0.019325971603393555 0.016088008880615234 0.021155834197998047 0.02760004997253418 0.017184972763061523 0.021757841110229492 0.020392894744873047 0.010716915130615234 0.018374919891357422
-1.0 0.0346219539642334 0.015022993087768555 0.03607296943664551 0.015935897827148438 0.016927003860473633 0.01783585548400879 0.09473896026611328 0.011145830154418945 0.03544783592224121
-1.0 0.12002086639404297 0.024801015853881836 0.022825002670288086 0.02783799171447754 0.031373023986816406 0.09773087501525879 0.030104875564575195 0.029263973236083984 0.021687030792236328
-1.0 0.010106801986694336 0.031964778900146484 0.015245914459228516 0.023094892501831055 0.019102811813354492 0.017833948135375977 0.016066789627075195 0.01723194122314453 0.01849985122680664
-1.0 0.01746201515197754 0.022474050521850586 0.015067100524902344 0.01806020736694336 0.01180720329284668 0.015407085418701172 0.021819114685058594 0.01618218421936035 0.016808032989501953
-1.0 0.036535024642944336 0.014755010604858398 0.03706002235412598 0.03774595260620117 0.12065505981445312 0.010714054107666016 0.10469388961791992 0.03826189041137695 0.03896307945251465
-1.0 0.02459716796875 0.01687002182006836 0.019201040267944336 0.017664194107055664 0.03360104560852051 0.020231962203979492 0.020812034606933594 0.013168096542358398 0.019613027572631836
-1.0 0.025504112243652344 0.03423905372619629 0.02063608169555664 0.024314165115356445 0.02280402183532715 0.015532970428466797 0.03141903877258301 0.026144027709960938 0.01764512062072754
