0.042 
0.055 
0.047 
0.061 
0.113 
0.055 
0.081 
0.035 
0.026 
0.032 
0.036 
0.055 
0.043 
0.091 
0.037 
0.032 
0.035 
0.026 
0.089 
0.074 
0.114 
0.072 
0.108 
0.030 
0.054 
0.059 
0.037 
0.036 
0.059 
0.046 
0.052 
0.025 
0.049 
0.026 
0.090 
0.080 
0.089 
0.111 
0.027 
0.050 
0.032 
0.066 
0.028 
0.034 
0.045 
0.026 
0.037 
0.058 
0.076 
0.025 
0.034 
0.027 
0.037 
0.055 
0.048 
0.031 
0.129 
0.058 
0.158 
0.091 
0.150 
0.026 
0.033 
0.062 
0.056 
0.104 
0.027 
0.054 
0.056 
0.040 
0.035 
0.106 
0.046 
0.115 
0.059 
0.087 
0.026 
0.057 
0.033 
0.037 
0.116 
0.047 
0.030 
0.029 
0.116 
0.065 
0.032 
0.038 
0.059 
0.033 
0.032 
0.035 
0.037 
0.047 
0.028 
0.044 
0.087 
0.036 
0.027 
0.030 
0.110 
0.170 
0.029 
0.032 
0.085 
0.026 
0.034 
0.042 
0.035 
0.026 
0.038 
0.048 
0.053 
0.032 
0.027 
0.030 
0.038 
0.091 
0.050 
0.029 
0.057 
0.026 
0.126 
0.029 
0.026 
0.067 
0.032 
0.038 
0.029 
0.043 
0.033 
0.030 
0.050 
0.027 
0.060 
0.067 
0.039 
0.036 
0.025 
0.073 
0.030 
0.220 
0.029 
0.046 
0.067 
0.033 
0.112 
0.029 
0.035 
0.028 
0.084 
0.042 
0.054 
0.068 
0.071 
0.093 
0.151 
0.033 
0.041 
0.042 
0.071 
0.028 
0.094 
0.044 
0.026 
0.147 
0.147 
0.048 
0.158 
0.030 
0.079 
0.045 
0.043 
0.053 
0.064 
0.105 
0.139 
0.029 
0.083 
0.079 
0.117 
0.028 
0.048 
0.139 
0.053 
0.035 
0.028 
0.044 
0.071 
0.045 
0.111 
0.031 
0.072 
0.028 
0.051 
0.057 
0.148 
0.037 
0.061 
0.028 
0.056 
0.097 
0.026 
0.061 
0.033 
0.040 
0.065 
0.065 
0.030 
0.060 
0.083 
0.027 
0.029 
0.033 
0.033 
0.045 
0.032 
0.035 
0.093 
0.032 
0.042 
0.026 
0.027 
0.038 
0.152 
0.035 
0.160 
0.036 
0.035 
0.046 
0.039 
0.037 
0.162 
0.052 
0.030 
0.026 
0.076 
0.041 
0.052 
0.026 
0.040 
0.146 
0.032 
0.032 
0.029 
0.283 
0.035 
0.029 
0.152 
0.107 
0.032 
0.054 
0.075 
0.078 
0.028 
0.067 
0.040 
0.050 
0.112 
0.055 
0.042 
0.030 
0.031 
0.049 
0.037 
0.036 
0.029 
0.026 
0.025 
0.029 
0.041 
0.031 
0.047 
0.033 
0.040 
0.046 
0.053 
0.063 
0.035 
0.046 
0.097 
0.033 
0.026 
0.027 
0.034 
0.027 
0.026 
0.026 
0.052 
0.035 
0.054 
0.031 
0.031 
0.098 
0.124 
0.036 
0.026 
0.125 
0.037 
0.039 
