0.994 
0.955 
0.959 
0.951 
0.891 
0.949 
1.173 
0.985 
0.976 
0.972 
1.013 
0.948 
0.969 
0.924 
0.966 
0.971 
0.969 
0.979 
0.938 
0.965 
0.893 
0.932 
0.897 
0.975 
0.977 
0.945 
0.966 
0.972 
0.951 
1.245 
1.203 
0.982 
0.955 
1.033 
0.943 
0.947 
0.960 
0.893 
0.977 
0.979 
0.972 
0.939 
0.979 
0.989 
0.959 
0.979 
1.014 
0.946 
0.955 
0.998 
0.973 
0.977 
0.975 
0.950 
0.955 
0.973 
0.903 
0.946 
0.852 
0.997 
0.856 
1.146 
0.970 
0.981 
0.947 
0.901 
0.987 
0.949 
0.951 
0.965 
0.968 
0.898 
0.958 
0.955 
0.948 
0.917 
0.978 
1.068 
1.059 
1.014 
0.889 
0.983 
0.975 
0.989 
0.896 
0.939 
0.977 
0.991 
0.946 
0.971 
0.972 
0.970 
0.966 
0.961 
0.979 
0.961 
0.935 
0.967 
0.979 
0.984 
0.977 
0.958 
1.066 
0.975 
0.921 
0.978 
0.969 
0.963 
0.968 
0.981 
0.967 
1.219 
1.186 
0.974 
0.978 
0.975 
0.966 
0.917 
0.953 
0.975 
0.948 
0.980 
0.877 
0.976 
0.978 
0.962 
1.206 
1.113 
0.976 
0.960 
0.971 
0.976 
0.953 
0.976 
0.956 
0.935 
0.966 
0.968 
0.988 
0.946 
0.973 
0.787 
0.976 
0.957 
0.936 
0.972 
0.892 
0.977 
0.971 
0.978 
0.921 
0.962 
0.949 
0.941 
0.934 
0.928 
1.020 
0.973 
0.963 
0.963 
0.935 
0.979 
0.911 
0.960 
0.980 
0.875 
0.868 
0.974 
0.845 
0.974 
0.944 
0.958 
0.972 
0.951 
0.940 
0.900 
0.892 
1.018 
0.932 
0.926 
0.886 
0.981 
0.956 
0.885 
0.951 
0.970 
0.975 
0.961 
0.993 
0.963 
0.894 
0.998 
0.931 
0.976 
0.979 
0.974 
0.871 
1.066 
0.942 
0.983 
0.975 
0.907 
0.989 
0.944 
0.970 
0.972 
0.940 
0.944 
0.973 
0.943 
0.929 
1.108 
0.977 
0.971 
0.974 
0.958 
0.972 
0.968 
0.910 
0.971 
0.963 
0.979 
0.978 
0.969 
0.852 
1.003 
0.843 
0.967 
0.966 
0.958 
1.006 
0.966 
0.841 
1.020 
0.975 
0.961 
0.928 
0.962 
0.952 
1.037 
0.964 
0.857 
0.974 
1.103 
0.975 
1.012 
0.987 
0.982 
0.851 
0.896 
0.978 
0.949 
0.928 
0.925 
0.975 
0.939 
0.964 
0.955 
0.936 
0.950 
0.961 
0.973 
0.974 
0.955 
0.976 
1.075 
0.994 
1.124 
0.979 
1.141 
0.964 
0.972 
0.959 
0.972 
0.967 
0.961 
0.953 
0.942 
0.970 
0.961 
0.906 
0.970 
0.978 
0.988 
0.969 
0.977 
0.980 
0.977 
0.952 
0.968 
0.949 
0.976 
0.973 
0.905 
0.879 
0.970 
0.980 
0.879 
0.966 
0.965 
