0.006 
0.005 
0.004 
0.004 
0.004 
0.004 
0.005 
0.004 
0.004 
0.004 
0.004 
0.021 
0.004 
0.004 
0.005 
0.004 
0.018 
0.005 
0.004 
0.004 
0.005 
0.004 
0.004 
0.005 
0.004 
0.004 
0.005 
0.004 
0.005 
0.005 
0.005 
0.004 
0.006 
0.004 
0.004 
0.005 
0.004 
0.004 
0.005 
0.004 
0.005 
0.005 
0.004 
0.004 
0.005 
0.004 
0.005 
0.005 
0.005 
0.004 
0.014 
0.005 
0.004 
0.005 
0.004 
0.004 
0.005 
0.005 
0.005 
0.005 
0.004 
0.004 
0.005 
0.004 
0.009 
0.005 
0.005 
0.004 
0.006 
0.005 
0.005 
0.005 
0.004 
0.004 
0.005 
0.004 
0.005 
0.005 
0.004 
0.004 
0.005 
0.004 
0.005 
0.005 
0.005 
0.004 
0.006 
0.005 
0.005 
0.005 
0.005 
0.005 
0.004 
0.004 
0.005 
0.004 
0.025 
0.029 
0.020 
0.004 
