1.019 
1.009 
1.012 
1.010 
1.016 
1.009 
1.017 
1.078 
1.248 
1.008 
1.009 
1.080 
1.034 
1.018 
1.011 
1.009 
1.010 
1.079 
1.027 
1.008 
1.013 
1.053 
1.231 
1.012 
1.028 
1.009 
1.036 
1.282 
1.009 
1.040 
1.024 
1.025 
1.014 
1.034 
1.010 
1.011 
1.009 
1.277 
1.200 
1.010 
1.008 
1.009 
1.010 
1.014 
1.010 
1.007 
1.009 
1.015 
1.013 
1.017 
1.011 
1.061 
1.048 
1.010 
1.010 
1.015 
1.023 
1.009 
1.020 
1.016 
1.261 
1.007 
1.014 
1.008 
1.015 
1.147 
1.011 
1.198 
1.011 
1.010 
1.043 
1.026 
1.014 
1.051 
1.009 
1.010 
1.011 
1.011 
1.010 
1.079 
1.010 
1.260 
1.009 
1.023 
1.015 
1.014 
1.018 
1.011 
1.008 
1.010 
1.008 
1.023 
1.010 
1.009 
1.018 
1.008 
1.046 
1.283 
1.028 
1.009 
