1.014 
1.005 
1.008 
1.006 
1.012 
1.006 
1.013 
1.075 
1.244 
1.005 
1.006 
1.076 
1.031 
1.014 
1.006 
1.006 
1.006 
1.075 
1.024 
1.005 
1.008 
1.050 
1.228 
1.008 
1.024 
1.006 
1.031 
1.279 
1.005 
1.035 
1.020 
1.022 
1.009 
1.030 
1.007 
1.007 
1.006 
1.274 
1.196 
1.007 
1.004 
1.005 
1.006 
1.011 
1.006 
1.004 
1.005 
1.011 
1.008 
1.013 
1.005 
1.058 
1.045 
1.006 
1.006 
1.012 
1.019 
1.005 
1.016 
1.012 
1.258 
1.004 
1.009 
1.005 
1.007 
1.143 
1.007 
1.195 
1.006 
1.006 
1.039 
1.022 
1.010 
1.048 
1.004 
1.006 
1.007 
1.007 
1.007 
1.076 
1.006 
1.257 
1.005 
1.019 
1.011 
1.011 
1.013 
1.006 
1.004 
1.005 
1.004 
1.020 
1.007 
1.006 
1.013 
1.004 
1.022 
1.255 
1.008 
1.006 
