0.669 
0.527 
0.563 
0.538 
0.568 
0.654 
0.667 
0.662 
0.668 
0.533 
0.642 
0.503 
0.578 
0.503 
0.563 
0.705 
0.575 
0.601 
0.656 
0.544 
0.565 
0.573 
0.563 
0.622 
0.616 
0.589 
0.609 
0.710 
0.641 
0.601 
0.604 
0.596 
0.636 
0.659 
0.547 
0.637 
0.583 
0.610 
0.610 
0.639 
0.671 
0.727 
0.642 
0.576 
0.783 
0.654 
0.747 
0.683 
0.560 
0.652 
0.557 
0.535 
0.544 
0.610 
0.510 
0.710 
0.563 
0.551 
0.576 
0.692 
0.536 
0.571 
0.532 
0.669 
0.710 
0.585 
0.490 
0.670 
0.559 
0.658 
0.604 
0.651 
0.747 
0.591 
0.536 
0.627 
0.627 
0.667 
0.523 
0.648 
0.648 
0.665 
0.657 
0.491 
0.682 
0.657 
0.695 
0.504 
0.636 
0.574 
0.569 
0.700 
0.612 
0.628 
0.665 
0.561 
0.650 
0.684 
0.700 
0.654 
