0.546 
0.470 
0.382 
0.292 
0.220 
0.262 
0.224 
0.248 
0.227 
0.190 
0.210 
0.169 
0.177 
0.172 
0.168 
0.160 
0.153 
0.152 
0.146 
0.142 
0.137 
0.135 
0.136 
0.137 
0.138 
0.136 
0.129 
0.126 
0.124 
0.124 
0.123 
0.121 
0.119 
0.115 
0.113 
0.112 
0.112 
0.111 
0.108 
0.106 
0.104 
0.102 
0.100 
0.099 
0.098 
0.097 
0.096 
0.094 
0.092 
0.091 
0.090 
0.088 
0.088 
0.086 
0.085 
0.089 
0.086 
0.080 
0.089 
0.093 
0.084 
0.087 
0.097 
0.079 
0.085 
0.089 
0.081 
0.071 
0.079 
0.071 
0.065 
0.074 
0.071 
0.063 
0.068 
0.071 
0.061 
0.066 
0.067 
0.061 
0.058 
0.063 
0.061 
0.056 
0.059 
0.057 
0.054 
0.058 
0.059 
0.054 
0.062 
0.066 
0.060 
0.054 
0.065 
0.065 
0.055 
0.060 
0.063 
0.055 
