0.025 
0.030 
0.014 
0.016 
0.014 
0.020 
0.014 
0.016 
0.019 
0.013 
0.016 
0.020 
0.017 
0.017 
0.016 
0.014 
0.028 
0.016 
0.025 
0.019 
0.023 
0.018 
0.017 
0.016 
0.016 
0.016 
0.017 
0.018 
0.013 
0.017 
0.021 
0.026 
0.019 
0.015 
0.019 
0.020 
0.015 
0.014 
0.014 
0.016 
0.024 
0.014 
0.018 
0.015 
0.020 
0.015 
0.015 
0.018 
0.016 
0.016 
0.020 
0.021 
0.014 
0.019 
0.017 
0.015 
0.017 
0.015 
0.016 
0.014 
0.017 
0.014 
0.018 
0.018 
0.022 
0.016 
0.019 
0.016 
0.012 
0.017 
0.015 
0.017 
0.015 
0.014 
0.016 
0.016 
0.018 
0.016 
0.015 
0.014 
0.020 
0.016 
0.014 
0.018 
0.015 
0.020 
0.018 
0.015 
0.015 
0.016 
0.022 
0.020 
0.018 
0.013 
0.017 
0.018 
0.022 
0.014 
0.014 
0.021 
