0.542 
0.467 
0.378 
0.282 
0.216 
0.271 
0.229 
0.253 
0.229 
0.194 
0.205 
0.170 
0.175 
0.172 
0.170 
0.157 
0.152 
0.149 
0.145 
0.141 
0.137 
0.135 
0.133 
0.129 
0.124 
0.122 
0.119 
0.118 
0.114 
0.110 
0.108 
0.106 
0.105 
0.102 
0.100 
0.100 
0.098 
0.096 
0.094 
0.092 
0.091 
0.090 
0.088 
0.087 
0.085 
0.084 
0.083 
0.081 
0.079 
0.078 
0.076 
0.075 
0.074 
0.072 
0.071 
0.070 
0.069 
0.069 
0.068 
0.066 
0.065 
0.064 
0.064 
0.064 
0.063 
0.061 
0.061 
0.060 
0.060 
0.059 
0.058 
0.057 
0.056 
0.055 
0.055 
0.054 
0.054 
0.053 
0.052 
0.052 
0.051 
0.051 
0.050 
0.050 
0.049 
0.049 
0.049 
0.048 
0.048 
0.047 
0.047 
0.047 
0.047 
0.046 
0.046 
0.045 
0.045 
0.044 
0.044 
0.044 
