1.035 
1.032 
1.042 
1.024 
1.024 
1.033 
1.026 
1.023 
1.025 
1.027 
1.010 
1.041 
1.016 
1.044 
1.022 
1.017 
1.025 
1.024 
1.028 
1.027 
1.030 
1.020 
1.020 
1.021 
1.039 
1.035 
1.030 
1.025 
1.027 
1.022 
1.025 
1.018 
1.027 
1.027 
1.031 
1.030 
1.029 
1.017 
1.030 
1.030 
1.040 
1.044 
1.029 
1.038 
1.022 
1.024 
1.012 
1.041 
1.028 
1.016 
1.046 
1.027 
1.017 
1.024 
1.027 
1.029 
1.021 
1.023 
1.027 
1.041 
1.027 
1.022 
1.041 
1.024 
1.025 
1.041 
1.025 
1.031 
1.025 
1.016 
1.023 
1.132 
1.025 
1.016 
1.019 
1.043 
1.022 
1.016 
1.026 
1.019 
1.039 
1.014 
1.022 
1.277 
1.040 
1.022 
1.035 
1.025 
1.029 
1.019 
1.039 
1.021 
1.025 
1.025 
1.019 
1.045 
1.023 
1.026 
1.028 
1.025 
