1.030 
1.021 
1.024 
1.134 
1.016 
1.023 
1.025 
1.037 
1.028 
1.019 
1.026 
1.018 
1.011 
1.029 
1.024 
1.027 
1.023 
1.031 
1.040 
1.041 
1.021 
1.028 
1.050 
1.017 
1.017 
1.013 
1.019 
1.031 
1.023 
1.021 
1.022 
1.022 
1.037 
1.022 
1.023 
1.035 
1.019 
1.026 
1.041 
1.021 
1.041 
1.279 
1.019 
1.022 
1.023 
1.032 
1.197 
1.016 
1.021 
1.021 
1.031 
1.032 
1.020 
1.022 
1.021 
1.128 
1.018 
1.015 
1.021 
1.032 
1.025 
1.024 
1.025 
1.270 
1.024 
1.028 
1.034 
1.019 
1.017 
1.265 
1.023 
1.056 
1.025 
1.017 
1.037 
1.019 
1.038 
1.020 
1.024 
1.025 
1.028 
1.021 
1.022 
1.023 
1.018 
1.047 
1.028 
1.022 
1.025 
1.019 
1.026 
1.020 
1.024 
1.019 
1.019 
1.034 
1.029 
1.019 
1.022 
1.024 
