0.524 
0.536 
0.551 
0.570 
0.672 
0.684 
0.612 
0.604 
0.628 
0.666 
0.693 
0.746 
0.755 
0.759 
0.767 
0.776 
0.773 
0.770 
0.774 
0.799 
0.829 
0.834 
0.837 
0.837 
0.841 
0.846 
0.851 
0.833 
0.812 
0.822 
0.852 
0.855 
0.858 
0.854 
0.862 
0.867 
0.864 
0.868 
0.858 
0.845 
0.846 
0.860 
0.868 
0.866 
0.858 
0.847 
0.854 
0.865 
0.862 
0.863 
0.861 
0.847 
0.843 
0.852 
0.861 
0.859 
0.858 
0.853 
0.851 
0.854 
0.859 
0.862 
0.864 
0.866 
0.867 
0.866 
0.867 
0.866 
0.866 
0.866 
0.865 
0.864 
0.864 
0.864 
0.865 
0.865 
0.865 
0.859 
0.854 
0.859 
0.866 
0.867 
0.869 
0.868 
0.864 
0.861 
0.863 
0.864 
0.863 
0.860 
0.853 
0.848 
0.853 
0.864 
0.859 
0.861 
0.851 
0.830 
0.825 
0.836 
