0.009 
0.006 
0.007 
0.007 
0.008 
0.008 
0.009 
0.009 
0.007 
0.007 
0.009 
0.009 
0.009 
0.008 
0.009 
0.006 
0.008 
0.006 
0.008 
0.008 
0.009 
0.007 
0.007 
0.006 
0.009 
0.007 
0.008 
0.006 
0.006 
0.008 
0.008 
0.008 
0.008 
0.012 
0.010 
0.011 
0.010 
0.018 
0.010 
0.007 
0.006 
0.006 
0.006 
0.019 
0.009 
0.006 
0.008 
0.005 
0.006 
0.017 
0.006 
0.007 
0.007 
0.008 
0.008 
0.009 
0.007 
0.009 
0.009 
0.008 
0.008 
0.008 
0.007 
0.008 
0.009 
0.006 
0.011 
0.008 
0.009 
0.009 
0.006 
0.009 
0.011 
0.010 
0.010 
0.011 
0.011 
0.007 
0.009 
0.008 
0.021 
0.008 
0.005 
0.008 
0.007 
0.010 
0.006 
0.008 
0.008 
0.009 
0.007 
0.008 
0.007 
0.009 
0.011 
0.006 
0.008 
0.007 
0.008 
0.009 
