1.007 
1.008 
1.010 
1.008 
0.999 
1.008 
1.006 
1.000 
1.009 
1.004 
1.003 
1.002 
1.009 
1.007 
1.014 
1.006 
1.007 
1.005 
1.003 
1.014 
1.007 
1.014 
1.009 
1.010 
1.012 
1.003 
1.003 
1.021 
1.025 
1.026 
1.009 
1.006 
1.007 
1.002 
1.000 
1.002 
1.004 
1.004 
1.004 
1.010 
1.007 
1.014 
1.018 
1.001 
1.247 
1.007 
1.007 
1.012 
1.009 
1.008 
1.357 
1.011 
1.007 
1.011 
1.018 
1.008 
1.008 
0.998 
0.996 
1.040 
1.003 
1.006 
1.289 
1.000 
1.236 
1.019 
0.989 
1.242 
1.005 
0.996 
1.009 
1.002 
0.995 
1.000 
1.000 
0.987 
1.004 
1.013 
1.020 
1.014 
1.013 
1.005 
1.012 
1.003 
1.014 
1.000 
1.017 
1.013 
1.014 
1.000 
1.002 
1.005 
1.117 
1.005 
1.003 
1.008 
1.004 
1.030 
1.015 
1.025 
