0.526 
0.452 
0.364 
0.273 
0.212 
0.256 
0.238 
0.267 
0.243 
0.206 
0.210 
0.177 
0.179 
0.181 
0.175 
0.165 
0.159 
0.159 
0.155 
0.144 
0.140 
0.138 
0.139 
0.139 
0.132 
0.129 
0.132 
0.124 
0.128 
0.123 
0.114 
0.119 
0.110 
0.114 
0.110 
0.105 
0.109 
0.102 
0.101 
0.103 
0.100 
0.095 
0.102 
0.097 
0.090 
0.098 
0.095 
0.084 
0.091 
0.088 
0.082 
0.085 
0.084 
0.077 
0.078 
0.080 
0.072 
0.074 
0.076 
0.074 
0.071 
0.070 
0.069 
0.068 
0.067 
0.068 
0.066 
0.065 
0.065 
0.066 
0.067 
0.069 
0.072 
0.071 
0.069 
0.072 
0.069 
0.070 
0.072 
0.068 
0.066 
0.069 
0.065 
0.064 
0.067 
0.066 
0.062 
0.065 
0.066 
0.062 
0.064 
0.068 
0.064 
0.059 
0.076 
0.061 
0.058 
0.069 
0.070 
0.062 
