0.016 
0.011 
0.011 
0.011 
0.013 
0.014 
0.014 
0.014 
0.011 
0.014 
0.016 
0.014 
0.013 
0.013 
0.014 
0.012 
0.012 
0.009 
0.013 
0.013 
0.016 
0.011 
0.011 
0.010 
0.014 
0.013 
0.012 
0.010 
0.010 
0.014 
0.017 
0.013 
0.012 
0.017 
0.016 
0.017 
0.015 
0.023 
0.015 
0.012 
0.011 
0.010 
0.011 
0.026 
0.014 
0.011 
0.012 
0.009 
0.011 
0.023 
0.011 
0.011 
0.012 
0.012 
0.013 
0.015 
0.012 
0.016 
0.014 
0.014 
0.015 
0.013 
0.013 
0.013 
0.013 
0.010 
0.018 
0.013 
0.014 
0.015 
0.010 
0.014 
0.017 
0.015 
0.015 
0.020 
0.015 
0.011 
0.014 
0.013 
0.025 
0.015 
0.009 
0.013 
0.011 
0.014 
0.010 
0.014 
0.013 
0.015 
0.013 
0.013 
0.012 
0.016 
0.016 
0.011 
0.012 
0.011 
0.014 
0.014 
