0.074 
0.055 
0.029 
0.055 
0.050 
0.037 
0.063 
0.038 
0.026 
0.033 
0.046 
0.030 
0.039 
0.051 
0.038 
0.042 
0.056 
0.057 
0.016 
0.044 
0.017 
0.020 
0.025 
0.021 
0.025 
0.037 
0.034 
0.042 
0.065 
0.025 
0.040 
0.025 
0.041 
0.048 
0.070 
0.056 
0.033 
0.055 
0.058 
0.082 
0.063 
0.077 
0.046 
0.043 
0.067 
0.058 
0.085 
0.038 
0.045 
0.089 
0.037 
0.041 
0.054 
0.042 
0.031 
0.027 
0.023 
0.030 
0.039 
0.028 
0.025 
0.017 
0.020 
0.025 
0.028 
0.040 
0.028 
0.034 
0.024 
0.021 
0.026 
0.019 
0.027 
0.042 
0.023 
0.041 
0.017 
0.026 
0.024 
0.020 
0.028 
0.043 
0.046 
0.050 
0.049 
0.099 
0.047 
0.061 
0.071 
0.022 
0.040 
0.016 
0.042 
0.027 
0.023 
0.025 
0.032 
0.039 
0.028 
0.020 
