0.080 
0.076 
0.036 
0.059 
0.053 
0.041 
0.066 
0.041 
0.029 
0.038 
0.050 
0.035 
0.071 
0.054 
0.041 
0.047 
0.059 
0.061 
0.019 
0.048 
0.021 
0.026 
0.032 
0.025 
0.029 
0.041 
0.042 
0.046 
0.070 
0.030 
0.047 
0.030 
0.044 
0.051 
0.084 
0.059 
0.036 
0.059 
0.061 
0.086 
0.067 
0.085 
0.049 
0.066 
0.070 
0.062 
0.090 
0.042 
0.048 
0.093 
0.040 
0.045 
0.058 
0.046 
0.035 
0.035 
0.031 
0.039 
0.045 
0.036 
0.029 
0.022 
0.024 
0.034 
0.034 
0.054 
0.032 
0.046 
0.030 
0.026 
0.033 
0.025 
0.031 
0.047 
0.030 
0.051 
0.021 
0.033 
0.030 
0.025 
0.031 
0.047 
0.051 
0.054 
0.052 
0.103 
0.050 
0.084 
0.074 
0.026 
0.047 
0.021 
0.046 
0.035 
0.032 
0.032 
0.038 
0.048 
0.048 
0.027 
