1.048 
0.955 
1.006 
1.272 
0.993 
1.227 
0.984 
0.999 
1.102 
1.005 
0.998 
1.218 
0.968 
1.097 
1.158 
0.989 
1.227 
0.980 
1.107 
1.031 
1.041 
1.027 
1.015 
1.046 
1.021 
1.003 
1.003 
1.022 
1.096 
1.023 
0.999 
1.030 
1.016 
1.076 
0.970 
1.010 
1.017 
0.981 
1.245 
0.958 
0.978 
0.953 
1.142 
0.987 
0.979 
0.993 
0.956 
1.023 
0.997 
0.948 
0.996 
1.025 
0.996 
0.997 
1.146 
1.008 
1.018 
1.002 
1.050 
1.008 
1.025 
1.043 
1.041 
1.016 
1.012 
0.987 
1.009 
1.009 
1.028 
1.100 
1.010 
1.031 
1.020 
1.006 
1.015 
1.077 
1.038 
1.029 
1.105 
1.278 
1.021 
0.999 
0.981 
1.000 
0.989 
1.087 
1.257 
0.957 
0.944 
1.036 
0.999 
1.108 
1.233 
1.019 
1.010 
1.013 
1.001 
1.007 
0.987 
1.023 
