0.006 
0.021 
0.008 
0.005 
0.004 
0.004 
0.004 
0.004 
0.004 
0.006 
0.004 
0.006 
0.033 
0.004 
0.004 
0.018 
0.003 
0.004 
0.004 
0.005 
0.005 
0.007 
0.008 
0.005 
0.004 
0.005 
0.008 
0.004 
0.006 
0.006 
0.007 
0.005 
0.012 
0.004 
0.015 
0.003 
0.004 
0.005 
0.004 
0.004 
0.004 
0.008 
0.004 
0.024 
0.004 
0.005 
0.006 
0.005 
0.004 
0.005 
0.013 
0.004 
0.005 
0.005 
0.004 
0.009 
0.009 
0.009 
0.007 
0.009 
0.004 
0.006 
0.005 
0.010 
0.007 
0.015 
0.004 
0.013 
0.006 
0.007 
0.008 
0.007 
0.004 
0.006 
0.008 
0.010 
0.005 
0.008 
0.006 
0.006 
0.004 
0.004 
0.015 
0.005 
0.004 
0.005 
0.003 
0.024 
0.024 
0.004 
0.008 
0.006 
0.005 
0.008 
0.009 
0.008 
0.007 
0.010 
0.021 
0.008 
