1.032 
1.018 
1.026 
1.023 
1.032 
1.129 
1.045 
1.018 
1.019 
1.025 
1.031 
1.027 
1.020 
1.046 
1.026 
1.019 
1.031 
1.016 
1.020 
1.023 
1.015 
1.042 
1.024 
1.021 
1.015 
1.024 
1.015 
1.129 
1.011 
1.017 
1.017 
1.015 
1.020 
1.135 
1.222 
1.021 
1.015 
1.011 
1.013 
1.017 
1.019 
1.021 
1.021 
1.022 
1.043 
1.015 
1.020 
1.019 
1.019 
1.193 
1.019 
1.018 
1.015 
1.027 
1.035 
1.030 
1.021 
1.131 
1.014 
1.017 
1.018 
1.015 
1.020 
1.013 
1.025 
1.016 
1.022 
1.013 
1.014 
1.027 
1.020 
1.032 
1.020 
1.180 
1.021 
1.019 
1.276 
1.021 
1.042 
1.018 
1.019 
1.027 
1.018 
1.019 
1.125 
1.018 
1.017 
1.129 
1.024 
1.021 
1.020 
1.017 
1.036 
1.051 
1.037 
1.021 
1.019 
1.133 
1.021 
1.023 
