1.037 
1.022 
1.029 
1.026 
1.036 
1.132 
1.048 
1.022 
1.024 
1.029 
1.035 
1.031 
1.023 
1.050 
1.030 
1.023 
1.035 
1.019 
1.025 
1.026 
1.019 
1.045 
1.028 
1.025 
1.019 
1.027 
1.020 
1.133 
1.015 
1.020 
1.021 
1.022 
1.023 
1.144 
1.227 
1.024 
1.019 
1.014 
1.017 
1.021 
1.023 
1.024 
1.025 
1.026 
1.047 
1.019 
1.024 
1.023 
1.023 
1.196 
1.023 
1.021 
1.019 
1.031 
1.038 
1.034 
1.025 
1.134 
1.018 
1.020 
1.022 
1.018 
1.023 
1.018 
1.029 
1.020 
1.026 
1.016 
1.018 
1.030 
1.024 
1.036 
1.023 
1.183 
1.025 
1.022 
1.280 
1.024 
1.046 
1.022 
1.024 
1.030 
1.023 
1.022 
1.130 
1.022 
1.021 
1.134 
1.028 
1.025 
1.024 
1.020 
1.040 
1.054 
1.040 
1.025 
1.023 
1.136 
1.026 
1.026 
