0.009 
0.014 
0.004 
0.009 
0.005 
0.007 
0.009 
0.008 
0.009 
0.004 
0.006 
0.007 
0.009 
0.006 
0.007 
0.009 
0.007 
0.012 
0.008 
0.007 
0.006 
0.009 
0.014 
0.006 
0.009 
0.008 
0.006 
0.011 
0.007 
0.005 
0.007 
0.010 
0.014 
0.011 
0.009 
0.006 
0.006 
0.010 
0.008 
0.006 
0.011 
0.006 
0.007 
0.006 
0.011 
0.008 
0.006 
0.005 
0.005 
0.014 
0.010 
0.007 
0.006 
0.006 
0.009 
0.010 
0.012 
0.009 
0.008 
0.014 
0.008 
0.010 
0.012 
0.006 
0.007 
0.005 
0.005 
0.010 
0.010 
0.006 
0.016 
0.017 
0.012 
0.006 
0.006 
0.010 
0.008 
0.006 
0.014 
0.010 
0.010 
0.006 
0.007 
0.011 
0.008 
0.004 
0.010 
0.009 
0.007 
0.007 
0.010 
0.006 
0.006 
0.007 
0.007 
0.010 
0.008 
0.006 
0.006 
0.007 
