0.025 
0.026 
0.015 
0.020 
0.019 
0.017 
0.024 
0.017 
0.037 
0.020 
0.022 
0.037 
0.035 
0.028 
0.022 
0.019 
0.024 
0.027 
0.021 
0.031 
0.024 
0.019 
0.041 
0.023 
0.022 
0.022 
0.017 
0.019 
0.020 
0.021 
0.027 
0.027 
0.025 
0.025 
0.021 
0.019 
0.014 
0.022 
0.022 
0.021 
0.023 
0.029 
0.017 
0.023 
0.022 
0.035 
0.022 
0.015 
0.020 
0.039 
0.032 
0.017 
0.017 
0.020 
0.017 
0.027 
0.024 
0.021 
0.036 
0.040 
0.020 
0.033 
0.022 
0.019 
0.015 
0.023 
0.020 
0.020 
0.024 
0.020 
0.021 
0.024 
0.030 
0.017 
0.018 
0.029 
0.017 
0.018 
0.024 
0.025 
0.032 
0.027 
0.025 
0.023 
0.024 
0.015 
0.034 
0.018 
0.030 
0.017 
0.027 
0.021 
0.031 
0.024 
0.028 
0.030 
0.036 
0.019 
0.019 
0.018 
