0.033 
0.039 
0.018 
0.029 
0.023 
0.024 
0.033 
0.024 
0.044 
0.024 
0.027 
0.043 
0.044 
0.033 
0.028 
0.027 
0.031 
0.038 
0.029 
0.037 
0.030 
0.026 
0.054 
0.028 
0.030 
0.030 
0.023 
0.029 
0.026 
0.026 
0.034 
0.036 
0.038 
0.035 
0.029 
0.024 
0.019 
0.031 
0.029 
0.027 
0.033 
0.035 
0.024 
0.028 
0.032 
0.042 
0.028 
0.019 
0.025 
0.052 
0.041 
0.024 
0.022 
0.025 
0.026 
0.036 
0.034 
0.029 
0.043 
0.053 
0.027 
0.041 
0.033 
0.024 
0.022 
0.028 
0.025 
0.029 
0.034 
0.025 
0.036 
0.040 
0.041 
0.023 
0.024 
0.038 
0.025 
0.023 
0.037 
0.034 
0.041 
0.033 
0.031 
0.033 
0.031 
0.018 
0.043 
0.027 
0.037 
0.023 
0.036 
0.027 
0.036 
0.030 
0.034 
0.039 
0.043 
0.025 
0.024 
0.024 
