1.011 
1.008 
1.108 
1.020 
1.030 
1.029 
1.017 
1.036 
1.000 
1.036 
1.031 
1.087 
0.993 
1.095 
1.038 
1.032 
1.015 
0.996 
1.024 
1.011 
1.031 
1.016 
0.988 
1.053 
1.097 
1.020 
1.038 
1.037 
1.022 
1.119 
1.007 
1.010 
1.091 
1.027 
1.019 
1.035 
1.052 
1.016 
1.163 
1.028 
1.026 
1.010 
1.041 
1.025 
1.014 
1.013 
1.034 
1.042 
1.041 
0.988 
1.011 
1.035 
1.052 
1.031 
1.041 
1.010 
1.016 
1.030 
1.016 
0.989 
1.027 
1.000 
1.095 
1.037 
1.038 
1.033 
1.036 
1.016 
1.025 
1.038 
1.026 
1.008 
1.004 
1.035 
1.040 
1.013 
1.031 
1.036 
1.018 
1.016 
1.032 
1.019 
1.025 
1.027 
1.021 
1.052 
1.002 
1.026 
1.014 
1.039 
1.020 
1.031 
1.009 
1.049 
1.015 
1.002 
0.998 
1.103 
1.047 
1.034 
