5.086 
5.052 
5.198 
5.209 
5.245 
5.133 
5.104 
5.070 
5.139 
5.129 
5.253 
5.241 
5.168 
5.247 
5.203 
5.111 
5.172 
5.032 
5.193 
5.203 
5.196 
5.108 
5.225 
5.179 
5.188 
5.108 
5.200 
5.209 
5.067 
5.224 
5.249 
5.167 
5.077 
5.215 
5.116 
5.045 
5.215 
5.120 
5.241 
5.091 
5.164 
5.064 
5.103 
5.178 
5.190 
5.215 
5.069 
5.224 
5.076 
5.150 
5.064 
5.068 
5.145 
5.085 
5.037 
5.033 
5.186 
5.074 
5.160 
5.188 
5.236 
5.169 
5.240 
5.171 
5.113 
5.224 
5.123 
5.188 
5.144 
5.202 
5.066 
5.184 
5.224 
5.148 
5.176 
5.197 
5.144 
5.083 
5.108 
5.206 
5.148 
5.226 
5.122 
5.229 
5.123 
5.150 
5.051 
5.207 
5.193 
5.229 
5.155 
5.246 
5.084 
5.168 
5.174 
5.206 
5.064 
5.204 
5.169 
5.207 
