0.014 
0.010 
0.010 
0.009 
0.018 
0.020 
0.015 
0.019 
0.019 
0.019 
0.018 
0.014 
0.015 
0.011 
0.014 
0.011 
0.016 
0.015 
0.037 
0.053 
0.029 
0.030 
0.028 
0.035 
0.023 
0.028 
0.036 
0.027 
0.034 
0.027 
0.035 
0.024 
0.067 
0.054 
0.062 
0.045 
0.057 
0.060 
0.056 
0.055 
0.067 
0.058 
0.062 
0.059 
0.070 
0.067 
0.066 
0.062 
0.063 
0.031 
0.042 
0.042 
0.033 
0.038 
0.042 
0.040 
0.034 
0.038 
0.040 
0.023 
0.032 
0.041 
0.065 
0.037 
0.035 
0.041 
0.033 
0.041 
0.039 
0.029 
0.036 
0.031 
0.032 
0.043 
0.049 
0.039 
0.038 
0.037 
0.038 
0.041 
0.041 
0.029 
0.032 
0.039 
0.040 
0.037 
0.034 
0.029 
0.033 
0.042 
0.030 
0.042 
0.027 
0.044 
0.040 
0.026 
0.044 
0.027 
0.036 
0.036 
